394.299000 0.0000000 0.0000000 0.0000000 0.0000000 0.0000000 0.0000000 1.0000000
394.402800 0.0014611 -0.0002667 0.0573533 -0.0017155 0.0179470 -0.0042945 0.9998282
394.610400 0.0116978 -0.0011696 0.1706280 -0.0022754 0.0546746 -0.0056999 0.9984854
394.714300 0.0195051 -0.0013411 0.2273259 -0.0013496 0.0731732 -0.0078416 0.9972875
394.921800 0.0423546 -0.0015103 0.3428168 -0.0041072 0.1098624 -0.0113991 0.9938729
395.129300 0.0737843 -0.0022282 0.4567768 -0.0053945 0.1474826 -0.0152655 0.9889321
395.336700 0.1153532 -0.0019993 0.5715102 -0.0060329 0.1860899 -0.0182806 0.9823441
395.544400 0.1676321 -0.0018809 0.6855677 -0.0110664 0.2241500 -0.0185714 0.9743148
395.751600 0.2304592 -0.0005955 0.7979580 -0.0112996 0.2599115 -0.0157928 0.9654372
396.062400 0.3411974 0.0003224 0.9616016 -0.0091604 0.3031675 -0.0098115 0.9528428
396.373000 0.4647371 0.0014626 1.1240406 -0.0035385 0.3234536 -0.0059923 0.9462184
396.683800 0.5959549 0.0008656 1.2890856 -0.0005555 0.3319142 -0.0037982 0.9433017
397.098000 0.7821509 -0.0004130 1.5166631 0.0020365 0.3349079 0.0035112 0.9422421
397.512700 0.9743123 0.0002535 1.7518109 0.0013098 0.3349812 0.0102467 0.9421682
397.927500 1.1706604 0.0003118 1.9966111 0.0004818 0.3326611 0.0060056 0.9430272
398.342200 1.3739518 0.0016615 2.2517552 0.0017501 0.3297885 0.0074618 0.9440237
398.756900 1.5773126 0.0009571 2.5136874 0.0021401 0.3276528 0.0013001 0.9447949
399.275400 1.8458819 -0.0010734 2.8587968 0.0000134 0.3263531 0.0056824 0.9452308
399.690300 2.0624430 -0.0020975 3.1359179 -0.0028299 0.3254991 0.0080294 0.9455040
400.104900 2.2775764 -0.0018083 3.4114122 -0.0016258 0.3260778 0.0087180 0.9453013
400.519600 2.4916635 -0.0015206 3.6849945 0.0003433 0.3258302 0.0085432 0.9453896
400.934400 2.7041624 -0.0021805 3.9594419 -0.0014271 0.3244610 0.0068888 0.9458729
401.349100 2.9156938 -0.0016615 4.2374272 -0.0074587 0.3238302 -0.0026800 0.9460820
401.763800 3.1290751 -0.0023769 4.5108209 0.0031475 0.3233233 0.0041628 0.9462742
402.074800 3.2905028 -0.0032480 4.7189207 -0.0062085 0.3238815 0.0051284 0.9460634
402.385800 3.4456375 -0.0022733 4.9228706 -0.0079757 0.3257030 -0.0022194 0.9454359
402.800300 3.6513159 -0.0029699 5.1840930 -0.0032851 0.3263373 -0.0002623 0.9452477
403.111300 3.8076344 -0.0035648 5.3832283 -0.0051264 0.3267363 -0.0014433 0.9451005
403.422400 3.9639432 -0.0034709 5.5837903 -0.0075532 0.3278286 -0.0029432 0.9447024
403.733500 4.1228971 -0.0019178 5.7845092 -0.0100729 0.3311865 -0.0046788 0.9434999
404.044600 4.2851567 0.0009192 5.9850721 -0.0098402 0.3388675 -0.0045186 0.9407718
404.355600 4.4496198 0.0005107 6.1758828 -0.0009771 0.3456669 0.0009436 0.9383563
404.874000 4.7323446 -0.0011735 6.5015001 0.0022964 0.3546464 0.0068956 0.9349722
405.185100 4.9031191 -0.0019559 6.6949515 0.0032647 0.3592519 0.0070513 0.9332083
405.496300 5.0757146 -0.0027270 6.8863964 0.0011877 0.3635453 0.0073234 0.9315470
405.807400 5.2527928 -0.0031303 7.0786581 -0.0021587 0.3678036 0.0056111 0.9298841
406.118500 5.4348354 -0.0024613 7.2693548 -0.0009222 0.3712420 0.0073506 0.9285066
406.325900 5.5557270 -0.0026234 7.3963308 -0.0012801 0.3738844 0.0078481 0.9274412
406.637000 5.7374887 -0.0016364 7.5860391 -0.0044318 0.3785023 0.0065117 0.9255669
406.948100 5.9210587 -0.0004508 7.7713666 -0.0036397 0.3837199 0.0043101 0.9234323
407.155400 6.0430846 -0.0000830 7.8918581 -0.0066370 0.3872559 0.0043489 0.9219381
407.362800 6.1639538 0.0012918 8.0105238 -0.0097037 0.3912140 0.0031469 0.9202432
407.570000 6.2854486 0.0031962 8.1269970 -0.0125642 0.3947258 0.0028860 0.9187086
407.777500 6.4059172 0.0061149 8.2402630 -0.0131067 0.3980795 0.0029862 0.9172524
407.985000 6.5261855 0.0080630 8.3518333 -0.0103187 0.4011358 0.0031741 0.9159550
408.192100 6.6478176 0.0098422 8.4633226 -0.0088752 0.4042899 0.0066155 0.9145639
408.399600 6.7713327 0.0122671 8.5743799 -0.0103037 0.4069144 0.0099212 0.9133543
408.606900 6.8939266 0.0152955 8.6850834 -0.0114849 0.4096516 0.0073238 0.9121404
408.814100 7.0160332 0.0183631 8.7949867 -0.0149104 0.4124758 0.0041946 0.9108369
409.125300 7.2002678 0.0242432 8.9583063 -0.0193947 0.4156737 -0.0020426 0.9093047
409.436200 7.3866572 0.0287888 9.1192417 -0.0096096 0.4181664 -0.0016056 0.9083182
409.747200 7.5771084 0.0321901 9.2802925 -0.0110215 0.4184969 0.0077950 0.9081179
410.058100 7.7651176 0.0371033 9.4404850 -0.0147409 0.4176977 0.0073681 0.9084366
410.369200 7.9496951 0.0438354 9.6004190 -0.0152130 0.4158416 0.0102462 0.9092520
410.680600 8.1337643 0.0496845 9.7613344 -0.0180009 0.4136199 0.0112370 0.9102023
410.991300 8.3158426 0.0584752 9.9221802 -0.0191234 0.4120524 0.0100037 0.9109045
411.302400 8.4987392 0.0661025 10.0838823 -0.0177886 0.4106870 0.0104497 0.9115430
411.509800 8.6206875 0.0712354 10.1918545 -0.0166782 0.4101233 0.0102280 0.9118202
411.717100 8.7422733 0.0763868 10.3002014 -0.0194399 0.4096777 0.0101774 0.9119664
411.924600 8.8629236 0.0817696 10.4084654 -0.0183991 0.4096941 0.0073110 0.9120081
412.131900 8.9837952 0.0863304 10.5169258 -0.0184963 0.4095666 0.0060947 0.9120723
412.339200 9.1057320 0.0915397 10.6264448 -0.0210463 0.4096421 0.0081510 0.9119671
412.546700 9.2261038 0.0969198 10.7342415 -0.0206864 0.4093710 0.0105630 0.9120723
412.857800 9.4045410 0.1057538 10.8954811 -0.0201084 0.4093167 0.0095694 0.9121206
413.168900 9.5812902 0.1146514 11.0527649 -0.0223808 0.4091227 0.0099912 0.9121501
413.479800 9.7585144 0.1226153 11.2114468 -0.0181943 0.4085780 0.0088585 0.9124990
413.790800 9.9359846 0.1303244 11.3708458 -0.0189911 0.4044166 0.0147201 0.9142592
414.205400 10.1635571 0.1419113 11.5869341 -0.0183961 0.3899718 0.0160706 0.9205028
414.619900 10.3775187 0.1521111 11.8062658 -0.0189095 0.3713137 0.0152847 0.9281891
415.241700 10.6469097 0.1604920 12.0676851 -0.0228949 0.3383564 0.0220557 0.9404809
415.656500 10.8319111 0.1747139 12.3067522 -0.0263832 0.3295321 0.0152392 0.9436526
416.175200 11.0599346 0.1937490 12.6018267 -0.0219095 0.3257080 0.0137955 0.9451159
416.486200 11.1945105 0.2021106 12.7772999 -0.0212023 0.3233550 0.0110472 0.9459757
416.901000 11.3715124 0.2134717 13.0087872 -0.0228836 0.3218277 0.0106440 0.9464619
417.212200 11.4995413 0.2218850 13.1760941 -0.0247517 0.3238977 0.0091372 0.9457241
417.523300 11.6245279 0.2294850 13.3388882 -0.0234091 0.3308083 0.0040357 0.9433990
417.834300 11.7527361 0.2355288 13.4950657 -0.0218082 0.3382500 0.0074787 0.9407738
418.145400 11.8806705 0.2430730 13.6480970 -0.0242342 0.3452345 0.0096842 0.9381535
418.352500 11.9641724 0.2479871 13.7456913 -0.0241012 0.3477678 0.0123569 0.9371894
418.663400 12.0846653 0.2555241 13.8852844 -0.0274873 0.3472526 0.0199347 0.9371567
418.870700 12.1605711 0.2606216 13.9746447 -0.0259373 0.3453046 0.0211214 0.9378944
419.181700 12.2674685 0.2688083 14.1018276 -0.0263367 0.3391910 0.0253075 0.9400082
419.492900 12.3660707 0.2757899 14.2220392 -0.0230625 0.3321834 0.0269577 0.9425474
419.804000 12.4585619 0.2831122 14.3385706 -0.0242121 0.3270133 0.0271607 0.9443190
420.115500 12.5432348 0.2886087 14.4476318 -0.0236350 0.3274706 0.0264116 0.9441964
420.426800 12.6238794 0.2942799 14.5487204 -0.0256343 0.3379296 0.0217920 0.9405698
420.842400 12.7292109 0.3014498 14.6667900 -0.0287793 0.3745276 0.0148983 0.9266493
421.154300 12.8141365 0.3072178 14.7443256 -0.0302266 0.4162136 0.0130692 0.9086703
421.466100 12.9066401 0.3134108 14.8107309 -0.0300122 0.4644768 0.0132429 0.8849775
421.673800 12.9714479 0.3178313 14.8483410 -0.0351311 0.4967999 0.0169776 0.8669876
421.985400 13.0712872 0.3237374 14.8933277 -0.0349414 0.5483286 0.0157185 0.8353848
422.193200 13.1424742 0.3288100 14.9174004 -0.0326647 0.5857905 0.0109979 0.8097293
422.400900 13.2186356 0.3336228 14.9342690 -0.0341811 0.6227816 0.0146054 0.7815123
422.608500 13.2989120 0.3393862 14.9451895 -0.0364035 0.6601714 0.0162138 0.7500570
422.920100 13.4243832 0.3486153 14.9468460 -0.0452884 0.7154493 0.0157900 0.6970164
423.127700 13.5099678 0.3548113 14.9364071 -0.0498554 0.7506089 0.0148792 0.6586952
423.334800 13.5973377 0.3612607 14.9173450 -0.0521457 0.7821757 0.0109496 0.6207754
423.542200 13.6856880 0.3674467 14.8889008 -0.0521394 0.8079552 0.0090449 0.5868629
423.852900 13.8195896 0.3761967 14.8331690 -0.0515739 0.8356413 0.0111080 0.5467361
424.163400 13.9569769 0.3852214 14.7655830 -0.0454016 0.8506431 0.0136898 0.5236006
424.473700 14.0995750 0.3946421 14.6905022 -0.0385039 0.8546481 0.0161821 0.5175251
424.784400 14.2492466 0.4048780 14.6113014 -0.0381280 0.8543580 0.0181326 0.5179671
425.095200 14.4074926 0.4162591 14.5311670 -0.0393179 0.8519124 0.0174032 0.5219162
425.613500 14.6848326 0.4351268 14.3980350 -0.0446838 0.8445823 0.0135131 0.5333869
425.924600 14.8565350 0.4471432 14.3188629 -0.0465865 0.8397441 0.0174820 0.5406976
426.235500 15.0334625 0.4609316 14.2416763 -0.0471317 0.8355987 0.0170482 0.5470492
426.546600 15.2126322 0.4740022 14.1647596 -0.0466068 0.8340093 0.0149235 0.5495759
426.961300 15.4544449 0.4909039 14.0619192 -0.0456296 0.8329850 0.0144714 0.5512209
427.376300 15.6995955 0.5063865 13.9574995 -0.0372734 0.8325896 0.0185933 0.5523219
427.790900 15.9454136 0.5223022 13.8543453 -0.0301686 0.8324667 0.0224131 0.5527990
428.205700 16.1878490 0.5396830 13.7538900 -0.0370439 0.8317415 0.0218177 0.5534960
428.620400 16.4351673 0.5552667 13.6523008 -0.0390313 0.8308313 0.0193824 0.5548155
429.035200 16.6844940 0.5716687 13.5503292 -0.0398532 0.8301717 0.0214042 0.5556694
429.346400 16.8703289 0.5848173 13.4755125 -0.0404323 0.8298522 0.0210794 0.5561171
429.761100 17.1156082 0.6011155 13.3763847 -0.0416016 0.8292143 0.0195599 0.5570372
430.072300 17.2957211 0.6137480 13.3043213 -0.0401758 0.8286300 0.0184901 0.5580469
430.383400 17.4703350 0.6245806 13.2334623 -0.0381659 0.8274966 0.0190712 0.5598472
430.694500 17.6419506 0.6352148 13.1660461 -0.0386962 0.8255929 0.0221896 0.5625004
431.109300 17.8643055 0.6508175 13.0821686 -0.0421377 0.8217885 0.0217217 0.5678170
431.316700 17.9703941 0.6581470 13.0428982 -0.0444205 0.8194349 0.0215240 0.5710429
431.627700 18.1217785 0.6689067 12.9894257 -0.0437034 0.8157526 0.0187101 0.5764440
431.938800 18.2643661 0.6779804 12.9405308 -0.0407489 0.8129132 0.0164677 0.5807241
432.249900 18.3994370 0.6863346 12.8942137 -0.0424423 0.8126584 0.0163160 0.5809636
432.665200 18.5651646 0.6957496 12.8350868 -0.0458489 0.8238394 0.0055036 0.5649392
432.977000 18.6753311 0.7000744 12.7852240 -0.0443182 0.8426126 0.0050023 0.5366701
433.393000 18.8044586 0.7039497 12.7085228 -0.0360202 0.8778486 0.0000603 0.4775818
433.705000 18.8913059 0.7051170 12.6375713 -0.0309494 0.9084449 0.0011199 0.4168557
434.120500 18.9903946 0.7061899 12.5239058 -0.0293969 0.9449073 -0.0003455 0.3260152
434.432200 19.0473557 0.7055172 12.4271698 -0.0248142 0.9681668 -0.0111814 0.2488217
434.743500 19.0894737 0.7026542 12.3177757 -0.0234493 0.9856116 -0.0143105 0.1667784
434.951100 19.1066742 0.6996812 12.2387562 -0.0205788 0.9935113 -0.0164151 0.1106452
435.262300 19.1168900 0.6945605 12.1127577 -0.0188633 0.9993945 -0.0178174 0.0231823
435.469700 19.1122093 0.6911657 12.0245886 -0.0174913 0.9991786 -0.0125958 -0.0343159
435.884200 19.0717697 0.6839573 11.8337259 -0.0131726 0.9913111 -0.0130366 -0.1302263
436.194600 19.0180531 0.6784922 11.6820431 -0.0052870 0.9843960 -0.0111097 -0.1755365
436.505000 18.9510574 0.6742963 11.5211954 0.0008010 0.9807659 -0.0124839 -0.1947864
436.815300 18.8798714 0.6685790 11.3520546 0.0035830 0.9802504 -0.0137463 -0.1972495
437.126200 18.8048344 0.6632546 11.1712351 0.0053490 0.9806393 -0.0094789 -0.1955201
437.333400 18.7531796 0.6599363 11.0452919 0.0061685 0.9808083 -0.0102240 -0.1946089
437.644500 18.6720772 0.6549160 10.8472700 0.0081596 0.9812237 -0.0097204 -0.1924550
437.851800 18.6172447 0.6522717 10.7095785 0.0070388 0.9815856 -0.0065770 -0.1907800
438.059400 18.5609131 0.6495295 10.5688152 0.0055052 0.9818553 -0.0070828 -0.1894196
438.370600 18.4768639 0.6446211 10.3551044 0.0048965 0.9821027 -0.0072347 -0.1881435
438.681700 18.3901672 0.6404522 10.1357498 0.0080470 0.9824072 -0.0004476 -0.1865775
438.889000 18.3331890 0.6375792 9.9884853 0.0003678 0.9825354 -0.0118531 -0.1856973
439.096600 18.2773857 0.6324968 9.8405342 -0.0040125 0.9825877 -0.0099791 -0.1854879
439.304000 18.2190228 0.6279225 9.6896400 -0.0011208 0.9828981 -0.0021753 -0.1841342
439.511500 18.1629200 0.6248485 9.5390797 -0.0028933 0.9829405 -0.0043157 -0.1838503
439.718800 18.1055546 0.6211108 9.3875418 -0.0056176 0.9831446 -0.0055120 -0.1826601
440.029800 18.0194702 0.6157308 9.1578846 -0.0071530 0.9833714 -0.0019714 -0.1814542
440.237100 17.9617958 0.6127990 9.0045185 -0.0066028 0.9835552 -0.0027219 -0.1804665
440.548200 17.8755188 0.6079998 8.7738981 -0.0072535 0.9837737 -0.0053705 -0.1791867
440.859500 17.7888565 0.6014717 8.5402679 -0.0088202 0.9836367 -0.0028989 -0.1799238
441.170400 17.6996441 0.5953040 8.3049545 -0.0092336 0.9832131 -0.0033058 -0.1821971
441.585300 17.5796757 0.5874207 7.9908085 -0.0053801 0.9826739 -0.0027883 -0.1852440
442.000000 17.4567108 0.5801753 7.6766315 -0.0057616 0.9824461 -0.0062814 -0.1863520
442.414800 17.3326073 0.5714150 7.3600492 0.0016416 0.9829273 -0.0075995 -0.1838304
442.725700 17.2423306 0.5641589 7.1214867 0.0021540 0.9831379 -0.0068330 -0.1827251
443.036700 17.1506557 0.5571823 6.8813829 0.0001306 0.9827642 -0.0069302 -0.1847333
443.347700 17.0579796 0.5510496 6.6421542 -0.0034710 0.9822686 -0.0063261 -0.1873401
443.555200 16.9954014 0.5468860 6.4823804 -0.0027353 0.9820856 -0.0053998 -0.1883383
443.866200 16.8994541 0.5415282 6.2416277 0.0004674 0.9820170 -0.0025545 -0.1887743
444.073500 16.8364983 0.5381745 6.0823884 -0.0006603 0.9820126 -0.0052302 -0.1887416
444.280800 16.7725487 0.5339419 5.9208803 -0.0000186 0.9821009 -0.0028804 -0.1883336
444.591900 16.6758099 0.5294651 5.6773582 0.0044467 0.9821876 -0.0041428 -0.1878044
444.799200 16.6109829 0.5261536 5.5149403 0.0066488 0.9824141 -0.0044734 -0.1865432
445.110200 16.5143700 0.5207136 5.2700520 0.0098358 0.9827673 -0.0060513 -0.1844856
445.317500 16.4504356 0.5165515 5.1063118 0.0100409 0.9829568 -0.0081894 -0.1833796
445.628600 16.3556080 0.5103958 4.8595452 0.0084797 0.9831243 -0.0059897 -0.1826439
445.836000 16.2933445 0.5072843 4.6950827 0.0100918 0.9831455 -0.0027091 -0.1825258
446.250800 16.2083549 0.5059019 4.4408178 0.0131033 0.9828165 -0.0059797 -0.1840228
446.458300 16.1049328 0.4949938 4.2165489 0.0116284 0.9835165 -0.0069319 -0.1803110
446.665700 16.0452766 0.4904048 4.0495248 0.0079716 0.9833102 -0.0118763 -0.1813736
446.976800 15.9504547 0.4830244 3.7959199 0.0075123 0.9833006 -0.0038205 -0.1817939
447.184200 15.8842821 0.4794825 3.6266408 0.0118265 0.9833743 -0.0070763 -0.1810663
447.391600 15.8203411 0.4752181 3.4574065 0.0112442 0.9833672 -0.0081089 -0.1810986
447.599100 15.7571297 0.4705340 3.2869134 0.0056399 0.9833004 -0.0072012 -0.1817599
447.806400 15.6931362 0.4667388 3.1173930 0.0054789 0.9832575 -0.0045334 -0.1820826
448.013900 15.6285210 0.4628428 2.9496803 0.0087752 0.9832542 -0.0055371 -0.1819437
448.221700 15.5647469 0.4591203 2.7814484 0.0108884 0.9831457 -0.0055682 -0.1824145
448.429200 15.4997234 0.4550849 2.6128964 0.0097938 0.9831095 -0.0081617 -0.1825740
448.636200 15.4349585 0.4511726 2.4424939 0.0102533 0.9830269 -0.0063504 -0.1830648
448.947500 15.3370600 0.4444396 2.1851072 0.0114198 0.9830208 -0.0087284 -0.1829300
449.154900 15.2710171 0.4396243 2.0130758 0.0080052 0.9831248 -0.0077369 -0.1825972
449.362200 15.2045536 0.4357010 1.8407292 0.0132567 0.9831761 -0.0013962 -0.1821734
449.569500 15.1389256 0.4330582 1.6700902 0.0164561 0.9832447 -0.0046676 -0.1814865
449.880700 15.0416756 0.4274492 1.4108129 0.0101586 0.9831899 -0.0069086 -0.1821722
450.191900 14.9439411 0.4229928 1.1527042 0.0071078 0.9832240 -0.0053406 -0.1821855
450.399100 14.8800821 0.4182772 0.9813356 0.0033199 0.9830728 -0.0051842 -0.1831120
450.606400 14.8158350 0.4144455 0.8133402 0.0055088 0.9830784 -0.0037781 -0.1830634
450.813700 14.7505941 0.4106380 0.6458740 0.0061995 0.9831298 -0.0034510 -0.1827716
451.124800 14.6576757 0.4054061 0.3989887 0.0034695 0.9829715 0.0017484 -0.1837169
451.332000 14.5956020 0.4024820 0.2377796 0.0021180 0.9830071 -0.0069151 -0.1834251
451.539300 14.5338097 0.3976817 0.0763335 0.0024579 0.9829783 -0.0063684 -0.1835945
451.746700 14.4722595 0.3935370 -0.0841188 0.0029112 0.9829895 -0.0019334 -0.1836282
451.954200 14.4119282 0.3911493 -0.2443948 0.0026057 0.9828799 0.0059210 -0.1841339
452.161700 14.3512611 0.3905125 -0.4022932 -0.0004275 0.9829087 0.0024359 -0.1840771
452.369000 14.2920284 0.3878258 -0.5597053 -0.0052514 0.9828275 -0.0032616 -0.1844230
452.680100 14.2022228 0.3840496 -0.7962537 -0.0059033 0.9827965 0.0054875 -0.1845156
452.887500 14.1421986 0.3825656 -0.9537990 -0.0077215 0.9828116 0.0026657 -0.1844308
453.094800 14.0816765 0.3807389 -1.1105573 -0.0058133 0.9828878 0.0044364 -0.1840601
453.302300 14.0199223 0.3795472 -1.2667007 -0.0001543 0.9831581 0.0052151 -0.1826824
453.509400 13.9610653 0.3784686 -1.4204581 0.0023960 0.9833249 0.0047677 -0.1817790
453.716800 13.9027977 0.3780327 -1.5741935 0.0029320 0.9834890 0.0052642 -0.1808675
454.027700 13.8159657 0.3758892 -1.8053176 0.0027040 0.9838188 -0.0003619 -0.1791456
454.442500 13.7007608 0.3723828 -2.1166229 -0.0003023 0.9839506 0.0029692 -0.1784161
454.753500 13.6127071 0.3701410 -2.3520663 0.0039684 0.9841324 0.0018824 -0.1773814
455.064500 13.5252218 0.3690291 -2.5892103 0.0041025 0.9841483 0.0054012 -0.1772176
455.375500 13.4350939 0.3696834 -2.8277624 0.0134627 0.9841514 0.0088461 -0.1765971
455.686500 13.3438807 0.3719886 -3.0694871 0.0175605 0.9842397 0.0046952 -0.1759029
455.893800 13.2831154 0.3728847 -3.2312508 0.0169499 0.9841101 0.0033688 -0.1767161
456.101300 13.2189131 0.3747042 -3.3948045 0.0226494 0.9839799 0.0085499 -0.1766278
456.516000 13.1611938 0.3785149 -3.5609052 0.0247107 0.9833043 0.0088735 -0.1800649
456.723400 13.1276598 0.3793022 -3.6531425 0.0181912 0.9831788 0.0065248 -0.1816204
456.930800 13.0930033 0.3799549 -3.7464767 0.0146389 0.9829494 0.0092193 -0.1830607
457.138200 13.0567608 0.3813177 -3.8400388 0.0175172 0.9828457 0.0132272 -0.1831189
457.345400 13.0214643 0.3826436 -3.9321604 0.0156170 0.9830798 0.0058006 -0.1824187
457.552900 12.9863529 0.3827706 -4.0250669 0.0119580 0.9831017 0.0078509 -0.1825002
457.863900 12.9338884 0.3846806 -4.1627326 0.0141487 0.9831687 0.0140324 -0.1816103
458.175000 12.8824425 0.3864440 -4.2999163 0.0103265 0.9832930 0.0126166 -0.1812984
458.486100 12.8304043 0.3889659 -4.4374604 0.0114478 0.9834465 0.0144491 -0.1802587
458.797200 12.7788019 0.3907503 -4.5732427 0.0145638 0.9836579 0.0105754 -0.1791459
459.108100 12.7286987 0.3919729 -4.7071972 0.0141855 0.9838024 0.0081430 -0.1785084
459.419400 12.6790495 0.3930149 -4.8425875 0.0093679 0.9837382 0.0112014 -0.1790135
459.834300 12.6112709 0.3952204 -5.0221524 0.0114380 0.9837141 0.0134318 -0.1788724
460.145400 12.5612516 0.3973401 -5.1564326 0.0113074 0.9836253 0.0124270 -0.1794409
460.456700 12.5104132 0.4000945 -5.2912660 0.0113452 0.9832546 0.0165654 -0.1811280
460.767700 12.4586391 0.4038433 -5.4265137 0.0135673 0.9828487 0.0191277 -0.1829166
461.079100 12.4065218 0.4078837 -5.5634036 0.0110839 0.9824483 0.0195830 -0.1851730
461.390300 12.3526182 0.4124384 -5.7023787 0.0091442 0.9821955 0.0196581 -0.1866064
461.805000 12.2789984 0.4182408 -5.8897572 0.0130693 0.9819798 0.0205385 -0.1874112
462.116000 12.2243233 0.4229486 -6.0307765 0.0104079 0.9820316 0.0198700 -0.1873786
462.427100 12.1697264 0.4266371 -6.1707263 0.0057865 0.9820371 0.0206665 -0.1874637
462.841800 12.0977945 0.4322065 -6.3556633 0.0069395 0.9825819 0.0195723 -0.1846660
463.257000 12.0266857 0.4364323 -6.5418324 0.0073007 0.9833150 0.0236020 -0.1802255
463.671600 11.9592953 0.4432233 -6.7275782 -0.0028208 0.9839561 0.0220863 -0.1770159
464.086300 11.8917389 0.4488693 -6.9129725 -0.0020974 0.9846454 0.0245271 -0.1728223
464.501400 11.8262911 0.4545310 -7.0970607 -0.0020305 0.9855350 0.0252967 -0.1675608
464.812300 11.7793503 0.4595248 -7.2355299 -0.0005475 0.9866886 0.0286084 -0.1600840
465.123400 11.7368670 0.4650936 -7.3724556 -0.0052843 0.9880291 0.0250440 -0.1521298
465.434300 11.6959209 0.4701712 -7.5110073 -0.0086076 0.9894971 0.0274625 -0.1416592
465.745400 11.6574717 0.4755243 -7.6521277 -0.0094499 0.9910371 0.0280067 -0.1302759
465.952900 11.6339912 0.4792565 -7.7467747 -0.0109700 0.9919919 0.0283014 -0.1226004
466.264000 11.6001234 0.4860910 -7.8919625 -0.0121927 0.9932733 0.0320341 -0.1106047
466.471300 11.5799742 0.4899490 -7.9882455 -0.0126370 0.9942119 0.0309099 -0.1021152
466.886100 11.5536041 0.4972289 -8.1455345 -0.0151353 0.9958810 0.0304319 -0.0840594
467.093400 11.5383654 0.5015187 -8.2459507 -0.0149341 0.9967511 0.0275723 -0.0741887
467.404600 11.5189829 0.5077472 -8.3969498 -0.0168925 0.9976311 0.0290547 -0.0600214
467.611900 11.5084915 0.5113900 -8.4965487 -0.0165203 0.9982164 0.0270529 -0.0505893
467.819200 11.4997005 0.5155018 -8.5959415 -0.0164166 0.9985546 0.0304757 -0.0411143
468.026600 11.4932060 0.5198736 -8.6943932 -0.0186423 0.9987804 0.0326368 -0.0320176
468.337700 11.4869308 0.5261493 -8.8397341 -0.0216013 0.9991508 0.0299798 -0.0182267
468.545000 11.4846249 0.5302092 -8.9359541 -0.0204603 0.9992628 0.0314271 -0.0082259
468.856100 11.4856482 0.5374298 -9.0775394 -0.0195094 0.9992620 0.0323134 0.0071249
469.063500 11.4888134 0.5423261 -9.1720982 -0.0204664 0.9991484 0.0311703 0.0176669
469.374700 11.4969759 0.5490830 -9.3143911 -0.0270531 0.9985814 0.0323984 0.0324595
469.582200 11.5047016 0.5539995 -9.4078789 -0.0280457 0.9981497 0.0351605 0.0409192
469.893300 11.5185537 0.5619481 -9.5470943 -0.0279158 0.9975796 0.0340845 0.0537952
470.100800 11.5302296 0.5672923 -9.6396942 -0.0303413 0.9969983 0.0353627 0.0618332
470.308200 11.5431557 0.5731699 -9.7332134 -0.0315689 0.9963374 0.0391005 0.0691841
470.619600 11.5651274 0.5823987 -9.8718929 -0.0325941 0.9956235 0.0382256 0.0788056
470.827100 11.5805550 0.5883005 -9.9634085 -0.0335094 0.9953079 0.0371302 0.0828294
471.034600 11.5961809 0.5941484 -10.0542831 -0.0318419 0.9950120 0.0401160 0.0856038
471.241900 11.6122732 0.6005289 -10.1442738 -0.0308097 0.9947323 0.0419521 0.0883083
471.449400 11.6288776 0.6069532 -10.2328510 -0.0318157 0.9946421 0.0376379 0.0908753
471.760600 11.6539154 0.6155723 -10.3647041 -0.0311739 0.9943203 0.0402052 0.0934822
471.968100 11.6709728 0.6217282 -10.4530077 -0.0297288 0.9942196 0.0403558 0.0949476
472.175500 11.6884613 0.6279779 -10.5405693 -0.0315971 0.9941777 0.0380610 0.0957272
472.382800 11.7060089 0.6341246 -10.6291990 -0.0337950 0.9941350 0.0378790 0.0954920
472.590300 11.7232199 0.6400747 -10.7174854 -0.0335033 0.9942226 0.0367277 0.0951317
472.797800 11.7400761 0.6457187 -10.8063955 -0.0290463 0.9943097 0.0381588 0.0951236
473.109000 11.7657909 0.6542568 -10.9374590 -0.0269118 0.9943402 0.0357854 0.0963465
473.420200 11.7923059 0.6617786 -11.0678091 -0.0314677 0.9942193 0.0317562 0.0976182
473.731400 11.8200035 0.6682729 -11.1973991 -0.0394472 0.9940355 0.0244231 0.0986954
474.042400 11.8475637 0.6735106 -11.3268003 -0.0437846 0.9936647 0.0213382 0.1012814
474.353600 11.8752928 0.6787664 -11.4566584 -0.0445744 0.9931165 0.0263161 0.1050725
474.664600 11.9041290 0.6861122 -11.5856905 -0.0472637 0.9925061 0.0308368 0.1083826
474.872000 11.9231358 0.6919882 -11.6728659 -0.0427021 0.9922249 0.0394221 0.1100549
475.183200 11.9523783 0.7025524 -11.8044224 -0.0343141 0.9921292 0.0480627 0.1104182
475.390500 11.9717579 0.7102090 -11.8931932 -0.0295955 0.9925072 0.0438041 0.1101576
475.701700 12.0019627 0.7208903 -12.0278387 -0.0268161 0.9928980 0.0424219 0.1078644
475.909200 12.0218573 0.7274569 -12.1176300 -0.0270299 0.9933170 0.0370822 0.1059040
476.220500 12.0504875 0.7369120 -12.2524824 -0.0243498 0.9936684 0.0397941 0.1022092
476.531700 12.0784588 0.7454444 -12.3866043 -0.0252609 0.9943379 0.0305628 0.0985897
476.842800 12.1049042 0.7529377 -12.5231009 -0.0212718 0.9945512 0.0317607 0.0969877
477.257600 12.1365423 0.7552263 -12.6027946 -0.0226232 0.9956109 0.0252759 0.0872250
477.465000 12.1341496 0.7649633 -12.7475290 -0.0236210 0.9943680 0.0275941 0.0995637
478.087500 12.2300892 0.7759445 -12.9793491 -0.0309452 0.9968361 0.0236597 0.0692855
478.606400 12.2979431 0.7863746 -13.1797752 -0.0302420 0.9989853 0.0182405 0.0279489
478.917800 12.3325558 0.7965989 -13.2962847 -0.0333931 0.9992854 0.0145869 -0.0100436
479.229100 12.3289413 0.7992185 -13.4104605 -0.0336540 0.9989703 0.0114417 -0.0281927
479.644200 12.3185425 0.7991170 -13.5609751 -0.0358125 0.9979287 -0.0008507 -0.0534327
479.851800 12.3098164 0.7977886 -13.6364031 -0.0320167 0.9972731 -0.0014234 -0.0664777
480.059100 12.2987967 0.7964742 -13.7113380 -0.0315867 0.9964091 0.0033608 -0.0784858
480.266500 12.2869415 0.7955087 -13.7860365 -0.0350229 0.9953045 0.0035735 -0.0901640
480.473800 12.2732220 0.7940372 -13.8599987 -0.0334809 0.9947120 -0.0001002 -0.0970932
480.681200 12.2585096 0.7931042 -13.9344120 -0.0316309 0.9943939 0.0052501 -0.1007603
480.888600 12.2434711 0.7925661 -14.0095682 -0.0339163 0.9939917 0.0104728 -0.1035401
481.096100 12.2280502 0.7924038 -14.0838957 -0.0318080 0.9939544 0.0096747 -0.1046392
481.303500 12.2119856 0.7919893 -14.1580467 -0.0258825 0.9943565 0.0066747 -0.1026676
481.511000 12.1968212 0.7913232 -14.2324886 -0.0253865 0.9946561 0.0057514 -0.0999086
481.718500 12.1823759 0.7908851 -14.3069763 -0.0270189 0.9948481 0.0056049 -0.0975489
481.926200 12.1679764 0.7902657 -14.3815517 -0.0254044 0.9951397 0.0055129 -0.0949795
482.133800 12.1535568 0.7895713 -14.4558516 -0.0215627 0.9954646 0.0046965 -0.0925380
482.341500 12.1401625 0.7887857 -14.5296574 -0.0201536 0.9956560 0.0021960 -0.0908741
482.549000 12.1273766 0.7881280 -14.6036482 -0.0231347 0.9955759 0.0047087 -0.0909465
482.756700 12.1147642 0.7879529 -14.6774979 -0.0266771 0.9952464 0.0079527 -0.0933265
483.068100 12.0938902 0.7872601 -14.7879276 -0.0228353 0.9949676 -0.0015285 -0.0975488
483.275900 12.0787058 0.7858622 -14.8614111 -0.0171525 0.9947640 0.0034028 -0.1006919
