1487825601.479854 0.0013513 0.0034418 -0.0154048 -0.0001636 0.0005065 0.0000002 0.9999998
1487825601.579956 -0.0001115 0.0007220 -0.0054019 -0.0011596 0.0041399 0.0062631 0.9999712
1487825601.847867 -0.0038068 -0.0036242 0.0246983 0.0159115 -0.0226291 0.0198833 0.9994195
1487825601.879853 -0.0039483 -0.0045524 0.0286878 0.0132399 -0.0266949 0.0205098 0.9993455
1487825601.980210 -0.0042960 -0.0083062 0.0387262 0.0127373 -0.0311250 0.0141659 0.9993339
1487825602.083825 -0.0049614 -0.0105735 0.0482214 0.0090398 -0.0345744 0.0011656 0.9993606
1487825602.383848 -0.0081458 -0.0132209 0.0801153 0.0093556 -0.0118014 -0.0114858 0.9998206
1487825603.019983 -0.0165598 -0.0284419 0.1466462 0.0113833 0.0002622 0.0094970 0.9998901
1487825603.791862 -0.0286686 -0.0446654 0.2244870 0.0437816 0.0258122 0.0066576 0.9986854
1487825603.824108 -0.0289594 -0.0454192 0.2280718 0.0476150 0.0229203 0.0074301 0.9985751
1487825604.295841 -0.0349780 -0.0533205 0.2720614 0.0539770 -0.0125434 0.0050653 0.9984505
1487825604.763916 -0.0444023 -0.0623987 0.3192339 0.0439114 0.0090682 -0.0013729 0.9989933
1487825605.031886 -0.0498584 -0.0658321 0.3469622 0.0566743 -0.0050131 0.0056790 0.9983640
1487825605.767988 -0.0619413 -0.0812784 0.4205166 0.0522453 0.0336550 -0.0103847 0.9980130
1487825606.640356 -0.0708852 -0.0963154 0.5122312 0.0443188 0.0201787 -0.0229812 0.9985492
1487825607.512002 -0.0823973 -0.1141935 0.5998256 0.0414095 -0.0103990 -0.0181301 0.9989236
1487825608.415791 -0.0957434 -0.1312615 0.6881615 0.0270906 -0.0199993 -0.0081097 0.9994000
1487825610.259921 -0.1234342 -0.1640400 0.8670785 0.0383388 -0.0316895 0.0063775 0.9987418
1487825611.200005 -0.1342564 -0.1863149 0.9607420 0.0374667 -0.0430877 0.0057200 0.9983521
1487825615.087839 -0.1695025 -0.2628887 1.3443990 0.0182747 -0.0420965 -0.0007624 0.9989461
1487825617.299917 -0.2068314 -0.3025243 1.5622081 0.0098303 -0.0437689 0.0116718 0.9989251
1487825618.404210 -0.2247935 -0.3254623 1.6749737 -0.0062419 -0.0377609 -0.0039934 0.9992594
1487825619.311895 -0.2344241 -0.3431763 1.7644676 0.0074863 -0.0236314 -0.0033139 0.9996872
1487825620.515829 -0.2479640 -0.3683690 1.8835963 0.0353775 -0.0143967 -0.0163982 0.9991357
1487825622.727850 -0.2743091 -0.4071544 2.0925312 0.0202079 -0.0029963 -0.0214282 0.9995617
1487825625.075934 -0.3076357 -0.4464691 2.2978077 0.0202066 0.0011163 -0.0084858 0.9997592
1487825626.415844 -0.3206334 -0.4733519 2.4211967 0.0107079 0.0006150 -0.0166108 0.9998045
1487825627.456129 -0.3332339 -0.4916117 2.5169044 0.0134555 0.0048394 -0.0308206 0.9994227
1487825628.560111 -0.3474488 -0.5095447 2.6133418 0.0235081 0.0204615 -0.0327823 0.9989765
1487825629.699974 -0.3637744 -0.5271828 2.7119510 0.0209672 0.0349588 -0.0407311 0.9983382
1487825634.964237 -0.3333980 -0.5810034 3.0021214 0.0143534 0.0102244 -0.0401066 0.9990400
1487825638.547934 -0.3619657 -0.6323046 3.3129537 0.0269148 -0.0716110 -0.0557416 0.9955101
1487825642.639896 -0.5325501 -0.6930742 3.5550475 0.0118434 -0.4564057 -0.1269305 0.8805920
1487825643.071810 -0.5577182 -0.6963633 3.5694118 0.0038602 -0.4489864 -0.1379592 0.8828157
1487825643.375885 -0.5779631 -0.6967255 3.5836358 0.0095489 -0.4738490 -0.1231051 0.8719066
1487825643.775891 -0.6023728 -0.7008238 3.5984719 0.0048979 -0.5061010 -0.1432269 0.8504844
1487825644.247880 -0.6322389 -0.7034711 3.6144814 0.0027884 -0.5187402 -0.1508559 0.8415126
1487825645.051925 -0.6846285 -0.7053274 3.6384485 0.0093747 -0.5894274 -0.1715110 0.7893487
1487825645.552424 -0.7203360 -0.7062039 3.6490278 -0.0051723 -0.6270366 -0.1600241 0.7623585
1487825646.191899 -0.7649833 -0.7075379 3.6578200 0.0117717 -0.6466349 -0.1781493 0.7416114
1487825646.927912 -0.8177858 -0.7071625 3.6648092 0.0007576 -0.6844445 -0.1788256 0.7067931
1487825647.531912 -0.8635261 -0.7071360 3.6639941 0.0044849 -0.6881767 -0.1747756 0.7041635
1487825648.199856 -0.9105558 -0.7060974 3.6629822 0.0171496 -0.7007202 -0.1905306 0.6873101
1487825648.972024 -0.9617680 -0.7076485 3.6553609 0.0036243 -0.7393861 -0.1850420 0.6473442
1487825649.875849 -1.0271711 -0.7037874 3.6427205 -0.0039114 -0.7518467 -0.1745651 0.6357974
1487825650.848053 -1.0944985 -0.7102708 3.6286471 -0.0177477 -0.7458003 -0.1787681 0.6414896
1487825652.024022 -1.1818376 -0.6927095 3.6072640 -0.0078600 -0.7674614 -0.1987967 0.6094433
1487825653.059830 -1.2530093 -0.6884508 3.5875652 -0.0081364 -0.7854776 -0.1958154 0.5870392
1487825654.067847 -1.3181958 -0.6762505 3.5664039 -0.0064745 -0.8317999 -0.1949923 0.5196585
1487825654.971876 -1.3716501 -0.6688933 3.5430639 0.0072526 0.8559355 0.1997987 -0.4768671
1487825655.811845 -1.4197812 -0.6628398 3.5124753 -0.0068138 0.8930679 0.2046184 -0.4006427
1487825656.680062 -1.4603693 -0.6522009 3.4769592 -0.0260745 0.9231425 0.2085539 -0.3219213
1487825657.420037 -1.4930723 -0.6409964 3.4358182 -0.0113018 0.9462560 0.2076410 -0.2477037
1487825658.224316 -1.5155115 -0.6308834 3.3884597 0.0035531 0.9583451 0.2100343 -0.1935137
1487825659.699959 -1.5550047 -0.6140994 3.2885602 -0.0165421 0.9757177 0.2160579 -0.0319408
1487825662.748085 -1.5470043 -0.5924702 3.0891156 -0.0122564 0.9697728 0.2409063 0.0368068
1487825664.019844 -1.5489056 -0.5844378 3.0031254 -0.0121842 0.9836780 0.1748456 0.0407210
1487825665.899973 -1.5280070 -0.5614059 2.8913569 -0.0248464 0.9836228 0.1702892 0.0535766
1487825666.436416 -1.5198269 -0.5544732 2.8579607 -0.0326932 0.9810739 0.1879322 0.0332685
1487825669.383978 -1.4736211 -0.5180855 2.6688702 -0.0183393 0.9786161 0.1727372 0.1101642
1487825669.987859 -1.4641988 -0.5099514 2.6298280 -0.0074747 0.9802794 0.1719445 0.0971158
1487825670.592127 -1.4556884 -0.5022700 2.5900710 -0.0299539 0.9786247 0.1860077 0.0824477
1487825671.228085 -1.4480169 -0.4943079 2.5435469 -0.0216259 0.9763366 0.1905123 0.1000213
1487825673.843850 -1.4186566 -0.4570089 2.3594327 -0.0043831 0.9801756 0.1735656 0.0954549
1487825678.063823 -1.3503371 -0.4012164 2.0862882 -0.0141183 0.9518345 0.1660067 0.2573976
1487825678.971948 -1.3170948 -0.3892730 2.0411496 -0.0177458 0.9432818 0.1584069 0.2912247
1487825679.808446 -1.2894704 -0.3810892 1.9918376 -0.0101406 0.9127159 0.1679717 0.3723337
1487825680.611847 -1.2568488 -0.3704519 1.9508215 0.0011125 0.8990833 0.1626462 0.4064410
1487825682.288419 -1.1873550 -0.3553636 1.8800101 -0.0170460 0.8442119 0.1428103 0.5163534
1487825683.727937 -1.1158957 -0.3463933 1.8381385 -0.0033168 0.7739165 0.1195022 0.6219015
1487825684.968285 -1.0413866 -0.3434380 1.8330226 0.0025258 0.6854612 0.1092935 0.7198551
1487825686.580084 -0.9495145 -0.3439400 1.8362809 -0.0085143 0.6799334 0.0960131 0.7269110
1487825687.552400 -0.8843176 -0.3456375 1.8439673 -0.0007507 0.6532423 0.0930035 0.7514149
1487825689.360080 -0.7604326 -0.3534672 1.8582453 0.0000770 0.6362469 0.1230332 0.7616119
1487825690.432083 -0.6822016 -0.3541511 1.8695350 -0.0080791 0.6400883 0.1200458 0.7588220
1487825691.035873 -0.6393654 -0.3569904 1.8724557 -0.0131207 0.6614167 0.1130348 0.7413359
1487825691.607873 -0.5979372 -0.3578778 1.8781105 -0.0117096 0.6437320 0.1111631 0.7570435
1487825692.375946 -0.5447441 -0.3603657 1.8832024 -0.0102124 0.6431373 0.1203335 0.7561679
1487825693.079883 -0.4945916 -0.3617123 1.8902004 -0.0174508 0.6374543 0.1082317 0.7626489
1487825693.819956 -0.4429189 -0.3636306 1.8987129 -0.0054415 0.5804909 0.0834000 0.8099661
1487825694.455927 -0.3994170 -0.3651366 1.9089549 0.0061804 0.5788098 0.0963331 0.8097289
1487825695.260022 -0.3499302 -0.3702694 1.9261580 -0.0092036 0.4777533 0.0626414 0.8762096
1487825695.931861 -0.3165303 -0.3729766 1.9480481 -0.0211343 0.3681775 0.0363808 0.9288030
1487825696.631914 -0.2935612 -0.3811115 1.9817386 -0.0131603 0.2571099 0.0251989 0.9659639
1487825697.272062 -0.2828512 -0.3901833 2.0169542 -0.0093969 0.1670647 -0.0093643 0.9858567
1487825697.707860 -0.2785248 -0.3958915 2.0446537 -0.0028691 0.0895032 -0.0102860 0.9959293
1487825698.175824 -0.2737122 -0.4020121 2.0756195 0.0023648 0.0721850 -0.0360163 0.9967380
1487825698.511924 -0.2736332 -0.4076494 2.0965741 0.0030336 0.0542958 -0.0327887 0.9979818
1487825698.848000 -0.2733576 -0.4115725 2.1181386 0.0014318 -0.0037367 -0.0267025 0.9996354
1487825699.279853 -0.2743725 -0.4163283 2.1468544 0.0028376 -0.0223870 -0.0586312 0.9980246
1487825699.684241 -0.2784735 -0.4225301 2.1726644 0.0136750 -0.0336334 -0.0465121 0.9982577
1487825701.796030 -0.3106360 -0.4510082 2.3169074 0.0137997 -0.0183744 -0.0418213 0.9988608
1487825704.176008 -0.3286512 -0.4864155 2.4975317 0.0170886 0.0091043 0.0086105 0.9997755
1487825704.912066 -0.3317692 -0.4993214 2.5556626 0.0065317 0.0279375 -0.0137073 0.9994943
1487825706.724915 -0.3456401 -0.5262583 2.6985621 0.0381035 0.0256640 -0.0317911 0.9984382
1487825708.531988 -0.3657416 -0.5527403 2.8402212 0.0230465 -0.0062194 -0.0243181 0.9994192
1487825709.472036 -0.3783760 -0.5667115 2.9132307 0.0224941 -0.0101257 -0.0083837 0.9996606
1487825711.380748 -0.3930745 -0.5926705 3.0588918 0.0323078 0.0173316 -0.0156399 0.9992053
1487825713.023944 -0.4033882 -0.6207567 3.1757104 0.0316712 0.0054718 -0.0362796 0.9988247
1487825715.036422 -0.3731020 -0.6279063 3.2495468 0.0264981 -0.0022970 -0.0362856 0.9989874
1487825718.152456 -0.3717380 -0.6794648 3.4502494 0.0052709 -0.0040465 -0.0351613 0.9993595
1487825719.795976 -0.3882070 -0.7136121 3.5698726 -0.0131639 -0.0511182 -0.0385612 0.9978610
1487825721.535911 -0.4120220 -0.7370597 3.6928775 -0.0106162 -0.0323006 -0.0344710 0.9988272
1487825721.603962 -0.4141506 -0.7355545 3.6979229 -0.0085303 -0.0387858 -0.0300625 0.9987588
1487825723.111969 -0.4369552 -0.7573625 3.8050075 -0.0097014 -0.0883306 -0.0473650 0.9949172
1487825724.451899 -0.4531904 -0.7740488 3.9057126 -0.0147234 -0.0559361 -0.0414199 0.9974662
1487825725.927863 -0.4752884 -0.7932812 4.0086632 -0.0059289 -0.0534805 -0.0255408 0.9982246
