1483445006.863122 0.0000235 -0.0000372 0.0001440 -0.0000042 0.0000423 0.0000120 1.0000000
1483445007.063194 0.0150734 0.0020737 -0.0127765 0.0076508 -0.0162949 0.0016077 0.9998367
1483445008.267215 0.0198550 0.0114477 -0.0769372 -0.0048919 0.0170891 -0.0115240 0.9997756
1483445008.387142 0.0220977 0.0107594 -0.0775890 0.0007971 0.0227852 -0.0122874 0.9996645
1483445008.671056 0.0387482 0.0156293 -0.0759452 -0.0110103 0.0339766 -0.0093907 0.9993179
1483445009.111166 0.0820974 0.0203793 -0.0656616 -0.0141004 0.0000370 -0.0165832 0.9997631
1483445009.271145 0.0897966 0.0235925 -0.0591885 -0.0158230 0.0142081 -0.0109358 0.9997140
1483445010.435137 0.1490344 0.0124259 0.0681977 -0.0148351 0.0841519 0.0040087 0.9963344
1483445010.875163 0.1726072 0.0079231 0.1207673 -0.0301048 0.0414909 -0.0158944 0.9985588
1483445011.599486 0.1910595 -0.0134734 0.2293112 -0.0325283 0.0614115 -0.0584491 0.9958686
1483445011.839106 0.1940013 -0.0264829 0.2597728 -0.0265536 0.0204094 -0.0533073 0.9980164
1483445012.519153 0.2008587 -0.0424150 0.3443880 0.0495801 -0.0007231 -0.0419447 0.9978887
1483445013.003175 0.2098683 -0.0330336 0.4196142 -0.0286579 0.0602072 -0.0014264 0.9977734
1483445013.243401 0.2276856 -0.0218537 0.4684296 0.0387763 -0.0146149 -0.0298542 0.9986949
1483445013.803145 0.2545929 -0.0360551 0.5541298 0.0443714 0.0582485 -0.0322123 0.9967952
1483445014.107208 0.2640343 -0.0411582 0.5974501 0.0361300 0.0749487 -0.0260410 0.9961923
1483445014.407350 0.2767234 -0.0439286 0.6476035 0.0232044 -0.0019690 -0.0253120 0.9994083
1483445014.811304 0.2789321 -0.0487873 0.7068244 -0.0004923 0.0096958 -0.0875408 0.9961136
1483445015.243639 0.2654136 -0.0728757 0.7785857 0.0354826 -0.0077060 -0.0512064 0.9980278
1483445015.647223 0.2489330 -0.0838376 0.8445712 -0.0024554 -0.0892435 -0.0113464 0.9959422
1483445016.083142 0.2408606 -0.0929079 0.9085057 -0.0298258 -0.1422319 -0.0345082 0.9887819
1483445017.039181 0.1933421 -0.1177634 1.0585402 0.0248677 -0.1606986 -0.0087724 0.9866512
1483445017.539209 0.1584845 -0.1419366 1.1649916 0.0299494 -0.1075348 -0.0053002 0.9937360
1483445018.019120 0.1195159 -0.1604830 1.2834795 0.0256373 -0.1328590 -0.0001811 0.9908033
1483445018.503130 0.0737529 -0.1788602 1.3995125 0.0524392 -0.1188470 -0.0095718 0.9914806
1483445019.383150 0.0149300 -0.1919162 1.6532561 0.1125550 -0.2553660 -0.0102139 0.9602163
1483445019.707127 -0.0111955 -0.2125565 1.7232683 0.1150103 -0.2234523 -0.0740088 0.9650722
1483445019.947191 -0.0412550 -0.2294172 1.7605621 0.1259335 -0.2596961 -0.0463454 0.9563215
1483445020.187169 -0.0819367 -0.2324062 1.8072972 0.0664643 -0.3725081 -0.0328563 0.9250625
1483445020.427825 -0.1175982 -0.2450612 1.8400159 0.1084017 -0.3701823 -0.0419734 0.9216574
1483445020.787181 -0.1877005 -0.2563126 1.8932700 0.1099797 -0.3915079 -0.0532551 0.9120252
1483445020.987193 -0.2254496 -0.2679947 1.9215775 0.1192663 -0.4124705 -0.0388977 0.9022919
1483445021.187433 -0.2672147 -0.2742339 1.9558414 0.1026320 -0.4605922 -0.0448021 0.8805193
1483445021.891582 -0.4232327 -0.3112446 2.0541048 0.1215063 -0.5436051 -0.0671017 0.8277844
1483445022.091147 -0.4526114 -0.3276002 2.0695107 0.0874478 -0.6049002 -0.0577097 0.7893783
1483445022.239212 -0.5014349 -0.3252952 2.0919814 0.0958957 -0.6492197 -0.0563835 0.7524219
1483445022.443375 -0.5538571 -0.3316110 2.1055889 0.1184088 -0.6775983 -0.0492109 0.7241672
1483445022.591168 -0.5992339 -0.3327699 2.1148150 0.1244433 -0.6884906 -0.0743073 0.7106145
1483445022.791185 -0.6558094 -0.3437249 2.1221926 0.1258473 -0.6899888 -0.0683252 0.7095136
1483445022.943274 -0.6999432 -0.3517720 2.1216683 0.1355120 -0.7060313 -0.0532903 0.6930487
1483445023.043270 -0.7288138 -0.3531838 2.1238797 0.1313539 -0.7217005 -0.0453432 0.6781139
1483445023.243323 -0.7899412 -0.3616768 2.1205547 0.1181213 -0.7668180 -0.0456459 0.6292487
1483445023.443267 -0.8511530 -0.3675210 2.1116407 0.1435892 -0.7849880 -0.0535439 0.6002575
1483445023.643158 -0.9165968 -0.3743928 2.1002514 0.1589310 -0.7839770 -0.0591839 0.5971753
1483445023.843184 -0.9718053 -0.3895674 2.0878987 0.1538230 -0.7961107 -0.0312016 0.5844422
1483445024.095165 -1.0481710 -0.3982264 2.0713155 -0.1369959 0.8601124 0.0342760 -0.4901672
1483445024.243290 -1.0822107 -0.3949332 2.0313003 -0.1374382 0.8780905 0.0356457 -0.4569433
1483445024.495161 -1.1495302 -0.3911769 1.9868882 -0.1710093 0.8886538 0.0709768 -0.4195385
1483445024.647190 -1.1781484 -0.3990240 1.9571390 -0.1528512 0.9037981 0.0515599 -0.3963926
1483445024.747269 -1.1971532 -0.4019413 1.9347980 -0.1516466 0.9175719 0.0371173 -0.3656328
1483445024.847165 -1.2096872 -0.3941838 1.9179026 -0.1497604 0.9342473 0.0385275 -0.3213557
1483445024.995148 -1.2324133 -0.3894188 1.8870003 -0.1355468 0.9594228 0.0525623 -0.2416034
1483445025.599118 -1.2699760 -0.3786077 1.7634621 -0.1267607 0.9827616 0.0978769 -0.0923658
1483445025.747140 -1.2776201 -0.3756864 1.7297413 -0.1247748 0.9862305 0.0919456 -0.0576773
1483445025.847162 -1.2875816 -0.3747813 1.7110835 -0.1141755 0.9888221 0.0931817 -0.0226267
1483445026.279118 -1.2896194 -0.3659074 1.6268795 -0.1304237 0.9875455 0.0787022 0.0393640
1483445026.439125 -1.2827001 -0.3630651 1.5846815 -0.1488743 0.9851949 0.0751948 0.0396639
1483445026.559080 -1.2839088 -0.3639079 1.5672213 -0.1364348 0.9864605 0.0729189 0.0544426
1483445026.999134 -1.2785822 -0.3532025 1.4747425 -0.1214630 0.9821687 0.0925026 0.1097026
1483445027.163211 -1.2769431 -0.3548464 1.4441804 -0.1267758 0.9825237 0.0592640 0.1227309
1483445027.363132 -1.2719090 -0.3446659 1.4047695 -0.1447852 0.9802436 0.0696091 0.1153876
1483445028.323228 -1.2249146 -0.3101576 1.2005106 -0.1231911 0.9816837 0.0981885 0.1071446
1483445028.559201 -1.2133356 -0.3061699 1.1499890 -0.1383321 0.9828805 0.0965372 0.0740987
1483445028.827261 -1.2004415 -0.2945493 1.0883845 -0.1202973 0.9858370 0.0829845 0.0822650
1483445029.127257 -1.1862547 -0.2892922 1.0279211 -0.1314665 0.9826323 0.0921085 0.0930925
1483445029.531773 -1.1653863 -0.2803493 0.9399984 -0.1451951 0.9838212 0.1008865 0.0289152
1483445029.899407 -1.1530123 -0.2682304 0.8574079 -0.1247400 0.9862736 0.0667676 0.0851262
1483445030.267234 -1.1352715 -0.2557166 0.7724067 -0.1489352 0.9815729 0.0840180 0.0852879
1483445030.703910 -1.1215370 -0.2430527 0.6744314 -0.1249187 0.9868061 0.0361860 0.0964348
1483445031.039261 -1.1096454 -0.2359455 0.6023270 -0.1300792 0.9825938 0.0624775 0.1169844
1483445031.475218 -1.0897188 -0.2237372 0.5037987 -0.1324550 0.9844698 0.0693029 0.0920438
1483445031.911233 -1.0713768 -0.2075755 0.4098823 -0.1589756 0.9700302 0.1394846 0.1196339
1483445032.315170 -1.0457138 -0.1902011 0.3143178 -0.1695938 0.9609045 0.1819034 0.1217032
1483445032.515245 -1.0320609 -0.1872639 0.2659194 -0.1494315 0.9669527 0.1635678 0.1261675
1483445032.715209 -1.0209002 -0.1792781 0.2200327 -0.1285640 0.9686123 0.1314493 0.1672797
1483445032.915230 -1.0043714 -0.1743356 0.1765600 -0.1255411 0.9694909 0.1110079 0.1788969
1483445033.115235 -0.9834579 -0.1851756 0.1235336 -0.1283740 0.9676988 0.1081806 0.1880855
1483445033.319121 -0.9667577 -0.1656420 0.0785936 -0.1185076 0.9712118 0.0815303 0.1898854
1483445033.519157 -0.9334030 -0.1559225 0.0464764 -0.0997119 0.9592233 0.0592475 0.2577554
1483445033.667853 -0.9130033 -0.1503446 0.0240740 -0.0845243 0.9260876 0.0706170 0.3608748
1483445033.819246 -0.8931073 -0.1446439 0.0062451 -0.0807616 0.8911403 0.0855312 0.4382132
1483445033.919446 -0.8787425 -0.1385289 -0.0056541 -0.0901263 0.8691760 0.0855452 0.4786358
1483445034.019223 -0.8647618 -0.1325932 -0.0157942 -0.1061110 0.8545436 0.0842173 0.5014013
1483445034.147217 -0.8461751 -0.1281217 -0.0287573 -0.1066813 0.8362156 0.0949598 0.5294763
1483445034.311221 -0.8255983 -0.1238689 -0.0409870 -0.1171344 0.8097819 0.1117650 0.5639516
1483445034.471165 -0.8027998 -0.1176430 -0.0502229 -0.1057579 0.7738182 0.1212364 0.6126357
1483445034.599224 -0.7838564 -0.1138417 -0.0561602 -0.0985757 0.7408144 0.1208683 0.6533512
1483445034.751350 -0.7568361 -0.1100057 -0.0576780 -0.0976303 0.7149318 0.1197532 0.6819091
1483445034.891217 -0.7254954 -0.1025218 -0.0563600 -0.1017740 0.6971756 0.1076524 0.7014266
1483445035.051168 -0.6899694 -0.0982252 -0.0544448 -0.1154179 0.6981965 0.1153971 0.6970538
1483445035.251228 -0.6446780 -0.0972533 -0.0534531 -0.1140346 0.6937108 0.1200947 0.7009556
1483445035.451196 -0.6013752 -0.0898903 -0.0500215 -0.0832224 0.6693980 0.1364071 0.7255160
1483445035.895231 -0.5032793 -0.0807003 -0.0443001 -0.1352872 0.6307076 0.1230009 0.7541724
1483445036.135200 -0.4329291 -0.0697853 -0.0448404 -0.1166817 0.6363994 0.1265949 0.7519008
1483445036.335212 -0.3859637 -0.0653165 -0.0404288 -0.0570836 0.6265398 0.1091733 0.7695912
1483445036.575347 -0.2116613 0.0180858 -0.2037449 -0.0301918 0.5281700 0.0705718 0.8456622
1483445036.775199 -0.1635315 0.0256527 -0.1877451 -0.0506157 0.5039673 0.0550530 0.8604791
1483445036.935409 -0.1287582 0.0235195 -0.1623469 -0.0707651 0.4675446 0.0705564 0.8783030
1483445037.175239 -0.0836832 0.0239131 -0.1254462 -0.0614636 0.3781613 0.0603651 0.9217225
1483445037.379453 -0.0596820 0.0229800 -0.0943436 -0.0663761 0.2437661 0.0473961 0.9663984
1483445037.459220 -0.0481017 0.0178639 -0.0797007 -0.0497626 0.1996454 0.0338857 0.9780170
1483445037.799309 -0.0078071 0.0190630 -0.0235257 -0.0388790 0.1187935 0.0133362 0.9920679
1483445038.203438 0.0106954 0.0098303 0.0563992 -0.0356083 0.0309505 0.0182700 0.9987193
1483445039.635330 0.1186465 -0.0080282 0.2331220 -0.0379902 -0.0124901 0.0166481 0.9990613
1483445040.691151 0.1506917 -0.0332832 0.3773437 -0.0326891 -0.0190648 -0.0148619 0.9991732
1483445041.531281 0.2234522 -0.0241869 0.5505326 0.0192877 -0.0888426 -0.0040033 0.9958509
1483445042.363678 0.2700937 -0.0673549 0.7582290 -0.0828598 -0.1487072 -0.0200458 0.9851997
1483445043.167189 0.2322266 -0.1037191 0.9469346 -0.0078081 -0.2129407 -0.0130278 0.9769471
1483445043.923717 0.1679079 -0.1351085 1.1271020 0.0137720 -0.2324162 0.0060203 0.9725003
1483445047.279116 -0.1048515 -0.2438802 1.9099811 0.0850074 -0.4584690 -0.0718298 0.8817144
1483445047.779242 -0.1997854 -0.2690605 1.9747270 0.1239790 -0.5480261 -0.0446360 0.8260171
1483445048.331290 -0.3284605 -0.2918620 2.0245566 0.1274843 -0.6008689 -0.0776657 0.7852849
1483445048.883207 -0.4598657 -0.3158685 2.0624955 0.1276523 -0.6877719 -0.0577311 0.7122793
1483445049.535121 -0.6228080 -0.3380165 2.0878112 0.1101109 -0.7080024 -0.0711144 0.6939387
1483445050.035192 -0.7555636 -0.3486629 2.1012685 0.0453924 -0.7518123 -0.1404899 0.6426355
1483445050.487108 -0.8807950 -0.3674975 2.0967751 0.0655367 -0.7739102 -0.1124710 0.6197728
1483445050.887169 -0.9822834 -0.3782228 2.0764992 0.0720800 -0.8443874 -0.1090937 0.5195315
1483445051.339341 -1.0962915 -0.3909902 2.0235572 -0.0977334 0.8967583 0.0927630 -0.4215066
1483445051.739164 -1.1769817 -0.3909482 1.9623241 -0.1038530 0.9551192 0.1040331 -0.2571751
1483445052.239162 -1.2416381 -0.3824241 1.8610711 -0.1220614 0.9752557 0.1391706 -0.1208670
1483445052.671287 -1.2694585 -0.3763496 1.7698745 -0.1464531 0.9692331 0.1968280 -0.0199362
1483445053.955204 -1.2586144 -0.3451605 1.4738648 -0.1438427 0.9699480 0.1528017 0.1231332
1483445054.675241 -1.2554036 -0.3329863 1.3095255 -0.1226998 0.9755186 0.1030285 0.1506429
1483445056.027655 -1.1914473 -0.2853885 0.9933965 -0.1365643 0.9749514 0.1251426 0.1231226
1483445056.731243 -1.1641065 -0.2620384 0.8175384 -0.1413995 0.9756590 0.1184971 0.1185506
1483445057.235293 -1.1377380 -0.2433407 0.6837756 -0.1096068 0.9777691 0.1115218 0.1397028
1483445057.711440 -1.1073403 -0.2286644 0.5668690 -0.1572517 0.9651254 0.1212938 0.1705658
1483445058.231177 -1.0640961 -0.2090984 0.4301851 -0.1001882 0.9634805 0.1066660 0.2242545
1483445058.755216 -1.0290673 -0.1935663 0.3025751 -0.1343953 0.9760458 0.1033258 0.1363677
1483445059.315787 -0.9884231 -0.1701753 0.1658708 -0.1237110 0.9653620 0.1379734 0.1836712
1483445059.827636 -0.9378084 -0.1529169 0.0605547 -0.2006914 0.9514592 0.1536351 0.1756261
1483445060.127242 -0.8950443 -0.1338036 0.0082101 -0.1802079 0.8909228 0.1681275 0.3814641
1483445060.327221 -0.8610715 -0.1257344 -0.0182717 -0.1608097 0.8278311 0.1299288 0.5214924
1483445060.679172 -0.8050258 -0.1174684 -0.0439052 -0.1614262 0.7595170 0.1550133 0.6107753
1483445061.027170 -0.7411857 -0.1085593 -0.0611560 -0.1845354 0.6776463 0.1246426 0.7008612
1483445061.451573 -0.6477451 -0.0918656 -0.0625899 -0.1477933 0.6253943 0.0765656 0.7623495
1483445061.763639 -0.5813894 -0.0898335 -0.0551805 -0.0976453 0.6340534 0.0700630 0.7638932
1483445062.199324 -0.4885429 -0.0799941 -0.0344208 -0.0943603 0.5626444 0.0616783 0.8189769
1483445062.603512 -0.4001590 -0.0696196 -0.0210100 -0.1222718 0.5546308 0.0905350 0.8180695
1483445062.955160 -0.2870294 -0.0399556 0.0177959 -0.1012260 0.4865949 0.0678674 0.8650854
1483445063.407236 -0.2018280 -0.0257098 0.0592903 -0.1256924 0.3911303 0.0279329 0.9112839
1483445066.027740 -0.0363545 -0.0178343 0.1394108 -0.0033443 -0.1204499 -0.0671619 0.9904392
1483445067.991816 -0.0400655 -0.0173528 0.1407933 -0.0168292 -0.1187190 -0.0828245 0.9893243
1483445069.235573 -0.0403362 -0.0171313 0.1402887 -0.0123945 -0.1230432 -0.0868243 0.9885182
