1486687299.220769 0.0000000 0.0000000 0.0000000 0.0000000 0.0000000 0.0000000 1.0000000
1486687300.261598 0.0088318 0.0006447 0.0028602 0.0167382 -0.0195966 0.0273720 0.9992930
1486687302.168881 0.0405602 0.0051085 0.0083172 -0.0191697 0.0219293 0.0387900 0.9988228
1486687303.108991 0.0298427 0.0050139 0.0052512 -0.0193989 -0.0380280 0.0432298 0.9981527
1486687306.192968 -0.0672535 -0.0048018 -0.0070255 0.0041884 -0.1704781 0.0542820 0.9838563
1486687307.196952 -0.0905064 -0.0046844 -0.0131915 0.0082287 -0.1805075 0.0442845 0.9825417
1486687307.701654 -0.0789803 -0.0038555 -0.0102542 0.0213124 -0.1484099 0.0444922 0.9876947
1486687308.204836 -0.0576253 -0.0035858 -0.0084431 0.0103834 -0.0944552 0.0350184 0.9948589
1486687308.740864 -0.0352969 -0.0021267 -0.0018159 0.0213499 -0.0489556 0.0231348 0.9983047
1486687311.084821 0.0489405 0.0055519 0.0280807 0.0005275 -0.0207230 0.0279078 0.9993955
1486687312.224881 0.0582744 0.0056650 0.0690164 0.0354365 -0.0700874 0.0317208 0.9964064
1486687312.761008 0.0515650 0.0046880 0.0966410 0.0112421 -0.0316711 0.0392136 0.9986655
1486687313.333541 0.0429212 0.0045304 0.1274850 -0.0070554 -0.0810793 0.0360159 0.9960318
1486687313.969121 0.0316310 0.0033335 0.1633421 -0.0219075 -0.0307027 0.0296772 0.9988477
1486687314.672861 0.0204819 0.0033688 0.2030422 0.0046034 -0.0554127 0.0192169 0.9982680
1486687315.308906 0.0125929 0.0015373 0.2358757 0.0504636 -0.0511353 0.0365004 0.9967479
1486687315.945031 0.0043318 0.0016771 0.2770897 0.0705272 -0.0616899 0.0144966 0.9954949
1486687316.649674 -0.0004580 -0.0002285 0.3226566 0.0746240 -0.0795758 0.0361059 0.9933757
1486687317.321534 -0.0075808 -0.0002918 0.3675379 0.0775696 -0.0682046 0.0175190 0.9944969
1486687318.057452 -0.0137512 -0.0004438 0.4154312 0.1038021 -0.0848259 0.0027464 0.9909703
1486687318.761489 -0.0191088 -0.0015890 0.4588713 0.1003415 -0.0952503 0.0293429 0.9899485
1486687319.465490 -0.0253688 -0.0025262 0.5046672 0.1022330 -0.0681645 0.0033921 0.9924165
1486687320.201019 -0.0317248 -0.0020767 0.5523802 0.0966655 -0.0862173 0.0098036 0.9915273
1486687320.941480 -0.0384485 -0.0030126 0.6024357 0.0640943 -0.1005298 0.0230154 0.9926006
1486687321.744971 -0.0451771 -0.0024445 0.6565851 0.0611230 -0.0758263 0.0205335 0.9950340
1486687322.549315 -0.0546784 -0.0048781 0.7133209 0.0703993 -0.0877512 0.0110358 0.9935904
1486687323.420881 -0.0645718 -0.0048945 0.7724017 0.0807755 -0.1008296 0.0091056 0.9915774
1486687324.325003 -0.0697262 -0.0055015 0.8363490 0.0815428 -0.0947615 0.0181130 0.9919894
1486687325.196969 -0.0776141 -0.0054810 0.8961392 0.0687583 -0.0832881 0.0314684 0.9936524
1486687326.032956 -0.0890262 -0.0050029 0.9547667 0.0682557 -0.0763745 0.0292895 0.9943089
1486687326.804981 -0.0956047 -0.0061856 1.0112373 0.0597586 -0.0715949 0.0242702 0.9953462
1486687327.509560 -0.0995740 -0.0055177 1.0607466 0.0502557 -0.0743159 0.0212802 0.9957402
1486687327.976966 -0.1032533 -0.0052043 1.0939364 0.0325155 -0.0499971 0.0279508 0.9978285
1486687328.516951 -0.1087256 -0.0053564 1.1352426 0.0402721 -0.1038063 0.0330165 0.9932333
1486687329.285043 -0.1179521 -0.0053377 1.1913698 0.0462851 -0.0828227 0.0497261 0.9942461
1486687329.920999 -0.1261764 -0.0061689 1.2389313 0.0439291 -0.0918376 0.0365039 0.9941346
1486687330.661022 -0.1323968 -0.0049509 1.2931474 0.0536077 -0.0970980 0.0308086 0.9933524
1486687331.329378 -0.1381657 -0.0043911 1.3430349 0.0378155 -0.0814735 0.0228012 0.9956968
1486687332.101053 -0.1451350 -0.0043915 1.4030687 0.0227965 -0.0717835 0.0069706 0.9971353
1486687332.873062 -0.1518573 -0.0048589 1.4639282 0.0189763 -0.0671942 0.0007909 0.9975591
1486687333.509652 -0.1567078 -0.0046630 1.5127952 0.0164057 -0.0797688 0.0429599 0.9957521
1486687334.113054 -0.1617536 -0.0043390 1.5592722 0.0162981 -0.0585553 0.0201071 0.9979486
1486687334.781007 -0.1673963 -0.0035244 1.6099733 0.0223221 -0.0676714 0.0056479 0.9974419
1486687335.485441 -0.1737501 -0.0058391 1.6618375 0.0249890 -0.0794936 0.0297339 0.9960784
1486687336.189142 -0.1806157 -0.0046942 1.7137842 0.0160705 -0.0589790 0.0204764 0.9979198
1486687336.961199 -0.1867151 -0.0046209 1.7712822 0.0010995 -0.0739902 0.0073584 0.9972312
1486687337.697457 -0.1908174 -0.0065577 1.8239111 0.0114198 -0.1005602 0.0184690 0.9946940
1486687338.437632 -0.1965915 -0.0066084 1.8776129 0.0202620 -0.0891417 0.0350898 0.9951944
1486687339.273442 -0.2060046 -0.0061348 1.9369285 0.0192423 -0.0729455 0.0166161 0.9970118
1486687340.013033 -0.2147834 -0.0064846 1.9915617 0.0067474 -0.0795712 0.0089926 0.9967658
1486687340.781588 -0.2234002 -0.0077417 2.0493510 0.0205309 -0.1003641 0.0271578 0.9943681
1486687341.621129 -0.2302180 -0.0087186 2.1104293 0.0192992 -0.0949683 0.0266526 0.9949363
1486687342.493214 -0.2383561 -0.0084413 2.1728654 0.0144612 -0.0687227 0.0321593 0.9970124
1486687343.161150 -0.2457581 -0.0085977 2.2218261 0.0087935 -0.0549304 0.0227081 0.9981932
1486687343.901069 -0.2500640 -0.0076742 2.2767358 0.0157010 -0.0676576 0.0201907 0.9973807
1486687344.637595 -0.2540790 -0.0091126 2.3303251 -0.0033762 -0.0734681 0.0378394 0.9965737
1486687345.241157 -0.2590786 -0.0095789 2.3745370 -0.0051542 -0.0614047 0.0307201 0.9976268
1486687345.945272 -0.2652246 -0.0085221 2.4252024 -0.0072679 -0.0683454 0.0208880 0.9974166
1486687346.681257 -0.2769727 -0.0100008 2.4817882 -0.0295718 -0.1087487 0.0369179 0.9929432
1486687347.485561 -0.2884914 -0.0089659 2.5420439 -0.0160967 -0.0833114 0.0368138 0.9957132
1486687348.289557 -0.2991486 -0.0105577 2.6028521 -0.0143740 -0.0786473 0.0245236 0.9964972
1486687348.929086 -0.3051324 -0.0102563 2.6485558 -0.0082028 -0.0901941 0.0286400 0.9954785
1486687349.565302 -0.3113985 -0.0099946 2.6968350 -0.0317269 -0.0771157 0.0435049 0.9955671
1486687350.169315 -0.3180366 -0.0105431 2.7427192 -0.0437828 -0.0696602 0.0277718 0.9962225
1486687350.669660 -0.3236091 -0.0110632 2.7801914 -0.0375319 -0.0891981 0.0487274 0.9941130
1486687351.241633 -0.3301567 -0.0118584 2.8243806 -0.0183912 -0.0612555 0.0347045 0.9973491
1486687351.877116 -0.3341558 -0.0113198 2.8734417 -0.0177526 -0.0869908 0.0266200 0.9956952
1486687352.313103 -0.3377847 -0.0118055 2.9068725 -0.0290729 -0.0566603 0.0250141 0.9976566
1486687352.881162 -0.3416548 -0.0114129 2.9530535 -0.0424531 -0.0829596 0.0292458 0.9952186
1486687353.485167 -0.3452857 -0.0122770 2.9966798 -0.0181500 -0.0568295 0.0379121 0.9974987
1486687354.121147 -0.3506435 -0.0132424 3.0467992 -0.0168237 -0.0497594 0.0103159 0.9985663
1486687354.725597 -0.3538969 -0.0138506 3.0913434 -0.0177100 -0.0941716 0.0224769 0.9951447
1486687355.461957 -0.3588235 -0.0123991 3.1463068 -0.0157013 -0.0631260 0.0256963 0.9975511
1486687356.065549 -0.3611386 -0.0127212 3.1920533 -0.0097777 -0.0658156 0.0079924 0.9977519
1486687356.769572 -0.3644881 -0.0144093 3.2460711 -0.0094671 -0.0954546 0.0251987 0.9950697
1486687357.341196 -0.3683448 -0.0142528 3.2891622 -0.0057403 -0.0724182 0.0188194 0.9971803
1486687358.009092 -0.3715437 -0.0128348 3.3387015 -0.0116814 -0.0896779 0.0012937 0.9959015
1486687358.713242 -0.3790418 -0.0144817 3.3927722 -0.0185883 -0.1040257 0.0185425 0.9942280
1486687359.349161 -0.3861788 -0.0151815 3.4401329 -0.0181314 -0.0733070 0.0141140 0.9970447
1486687359.953557 -0.3903832 -0.0131139 3.4839387 -0.0316463 -0.0789699 -0.0007132 0.9963743
1486687360.657640 -0.3992728 -0.0137009 3.5324244 -0.0510296 -0.0732085 0.0351703 0.9953892
1486687361.397716 -0.4046003 -0.0148821 3.5851445 -0.0462158 -0.0348058 0.0152976 0.9982077
1486687362.065759 -0.4070344 -0.0133572 3.6344955 -0.0549052 -0.0383343 0.0069741 0.9977310
1486687362.769444 -0.4155318 -0.0149234 3.6871402 -0.0584257 -0.0926390 0.0279117 0.9935921
1486687363.405709 -0.4226512 -0.0156156 3.7381723 -0.0145359 -0.0616651 0.0239449 0.9977037
1486687364.177204 -0.4293853 -0.0158587 3.7970321 0.0031631 -0.0732525 -0.0035077 0.9973022
1486687364.913177 -0.4366482 -0.0152619 3.8513465 -0.0166565 -0.0719231 0.0261820 0.9969273
1486687365.617440 -0.4466825 -0.0163137 3.9046984 -0.0349688 -0.0834945 0.0466778 0.9948000
1486687366.321765 -0.4550447 -0.0169666 3.9563620 -0.0378962 -0.0794422 0.0182443 0.9959518
1486687367.125252 -0.4643969 -0.0170589 4.0137668 -0.0560793 -0.0659073 0.0190442 0.9960666
1486687367.897459 -0.4701151 -0.0167521 4.0728083 -0.0555059 -0.0779017 0.0338983 0.9948373
1486687368.669290 -0.4743432 -0.0184143 4.1304550 -0.0497531 -0.0884370 0.0516193 0.9934984
1486687369.373409 -0.4786947 -0.0182573 4.1853757 -0.0354201 -0.0713411 0.0348688 0.9962128
1486687369.977319 -0.4813350 -0.0173609 4.2299552 -0.0671623 -0.0700970 0.0092737 0.9952335
1486687370.581216 -0.4855045 -0.0184510 4.2742286 -0.0825867 -0.0906679 0.0185613 0.9922773
1486687371.385187 -0.4921392 -0.0179577 4.3352265 -0.0770980 -0.0760845 0.0155577 0.9939945
1486687372.089234 -0.4950956 -0.0189828 4.3897257 -0.0988309 -0.0660207 -0.0061376 0.9928928
1486687372.957840 -0.4993212 -0.0190455 4.4527645 -0.0990465 -0.0658425 0.0038608 0.9928946
1486687373.765204 -0.5059105 -0.0199140 4.5133610 -0.1039262 -0.0963603 0.0087128 0.9898677
1486687374.569440 -0.5119919 -0.0211272 4.5728135 -0.1093857 -0.0882961 0.0140652 0.9899701
1486687375.405308 -0.5191593 -0.0211551 4.6340346 -0.0903974 -0.0743866 0.0292698 0.9926924
1486687376.277277 -0.5268571 -0.0209925 4.6987848 -0.0952640 -0.0590815 0.0222540 0.9934480
1486687377.049214 -0.5317615 -0.0237307 4.7554989 -0.0942557 -0.0365513 0.0180190 0.9947136
1486687377.853274 -0.5377117 -0.0227365 4.8134074 -0.0907743 -0.0483853 -0.0200778 0.9944927
1486687378.657825 -0.5452112 -0.0235456 4.8714457 -0.0970615 -0.0687284 -0.0055764 0.9928869
1486687379.393873 -0.5534804 -0.0235252 4.9256401 -0.0962354 -0.0664486 0.0197590 0.9929416
1486687380.297809 -0.5598650 -0.0247831 4.9923358 -0.0579905 -0.0648712 0.0264720 0.9958555
1486687381.169327 -0.5635456 -0.0257222 5.0582457 -0.0313505 -0.0670218 0.0063255 0.9972388
1486687382.042009 -0.5704660 -0.0260247 5.1218133 -0.0280596 -0.0645577 0.0009572 0.9975190
1486687382.881892 -0.5786800 -0.0263933 5.1818037 -0.0378961 -0.0594025 -0.0094211 0.9974700
1486687383.786026 -0.5862601 -0.0255487 5.2472644 -0.0437472 -0.0504952 -0.0064894 0.9977446
1486687384.521789 -0.5926079 -0.0254670 5.3000131 -0.0519782 -0.0756254 0.0138460 0.9956844
1486687385.157938 -0.5976202 -0.0259025 5.3441920 -0.0597432 -0.0542308 0.0269522 0.9963751
1486687385.729374 -0.6016078 -0.0269637 5.3840604 -0.0481411 -0.0420689 -0.0025197 0.9979510
1486687386.465796 -0.6071459 -0.0275896 5.4370608 -0.0567522 -0.0812940 0.0091835 0.9950307
1486687387.069667 -0.6125242 -0.0281548 5.4785848 -0.0416424 -0.0559809 0.0141018 0.9974634
1486687387.741295 -0.6180581 -0.0286018 5.5272551 -0.0421230 -0.0599019 -0.0014257 0.9973141
1486687388.445906 -0.6220932 -0.0297608 5.5759630 -0.0415341 -0.0826902 -0.0021629 0.9957071
1486687389.013542 -0.6276293 -0.0286638 5.6172042 -0.0345725 -0.0455021 0.0094117 0.9983215
1486687389.749927 -0.6319788 -0.0301727 5.6657181 -0.0385497 -0.0451643 -0.0049264 0.9982234
1486687390.421420 -0.6358726 -0.0301170 5.7105207 -0.0411580 -0.0629788 0.0120801 0.9970927
1486687391.093842 -0.6397808 -0.0299039 5.7553272 -0.0328615 -0.0495135 0.0221285 0.9979874
1486687391.961371 -0.6445753 -0.0303898 5.8140240 -0.0388678 -0.0509029 0.0105583 0.9978911
1486687392.869955 -0.6507729 -0.0313765 5.8753920 -0.0448127 -0.0594985 0.0253259 0.9969004
1486687393.673394 -0.6566484 -0.0313367 5.9300466 -0.0358441 -0.0682954 0.0044478 0.9970111
1486687394.309963 -0.6624252 -0.0318537 5.9717441 -0.0469652 -0.0948700 0.0200170 0.9941797
1486687394.777565 -0.6683338 -0.0330059 6.0035801 -0.0350677 -0.0705206 0.0173730 0.9967423
1486687395.313363 -0.6712087 -0.0325388 6.0385666 -0.0514079 -0.0747143 0.0185959 0.9957054
1486687395.849809 -0.6750210 -0.0322822 6.0720725 -0.0490155 -0.0500162 0.0181174 0.9973804
1486687396.521392 -0.6780891 -0.0321589 6.1166339 -0.0567963 -0.0511978 0.0029299 0.9970679
1486687397.125851 -0.6808390 -0.0336210 6.1543441 -0.0537657 -0.0763838 0.0285167 0.9952193
1486687397.829475 -0.6830503 -0.0337628 6.2024145 -0.0417405 -0.0613102 0.0093299 0.9972020
1486687398.565613 -0.6859340 -0.0344784 6.2522244 -0.0563737 -0.0654468 -0.0032742 0.9962570
1486687399.237417 -0.6887619 -0.0352873 6.2958941 -0.0579653 -0.0865428 0.0092025 0.9945178
1486687400.005392 -0.6953210 -0.0344386 6.3456984 -0.0468708 -0.0738046 0.0240933 0.9958793
1486687400.777998 -0.7002795 -0.0353271 6.3961563 -0.0474184 -0.0553123 0.0094728 0.9972975
1486687401.549389 -0.7052609 -0.0357410 6.4450178 -0.0595435 -0.0502294 0.0034094 0.9969553
1486687402.285382 -0.7076913 -0.0369845 6.4903517 -0.0413488 -0.0775922 -0.0000449 0.9961274
1486687402.921396 -0.7112264 -0.0369693 6.5296154 -0.0424045 -0.0615142 0.0149789 0.9970925
1486687403.593876 -0.7150397 -0.0373422 6.5709515 -0.0580705 -0.0518353 -0.0023339 0.9969631
1486687404.265393 -0.7194795 -0.0379358 6.6132655 -0.0365028 -0.0784782 0.0075538 0.9962187
1486687405.034006 -0.7256913 -0.0378051 6.6606798 -0.0483551 -0.0735259 0.0255088 0.9957936
1486687405.737453 -0.7311041 -0.0387642 6.7035570 -0.0462189 -0.0569580 0.0162630 0.9971735
1486687406.541568 -0.7350446 -0.0390745 6.7515569 -0.0434453 -0.0467512 0.0132484 0.9978734
1486687407.245434 -0.7352245 -0.0406962 6.7889991 -0.0271212 -0.0716965 0.0173801 0.9969062
1486687408.017487 -0.7399647 -0.0407003 6.8327656 -0.0283138 -0.0803007 0.0422566 0.9954720
1486687408.653668 -0.7431481 -0.0415635 6.8699327 -0.0385782 -0.0518543 0.0133381 0.9978201
1486687409.393946 -0.7459072 -0.0419811 6.9060254 -0.0259093 -0.0411072 -0.0079298 0.9987873
1486687409.929448 -0.7531886 -0.0424436 6.9389892 -0.0232131 -0.0476302 0.0123055 0.9985194
1486687410.801802 -0.7595723 -0.0431243 6.9851956 -0.0389915 -0.0357426 -0.0010156 0.9985996
1486687411.505968 -0.7636732 -0.0437468 7.0265193 -0.0388854 -0.0460634 -0.0153667 0.9980631
1486687412.241517 -0.7666978 -0.0449327 7.0696445 -0.0377102 -0.0724506 -0.0007075 0.9966586
1486687412.845570 -0.7697334 -0.0452049 7.1033630 -0.0323029 -0.0554898 0.0101501 0.9978849
1486687413.581482 -0.7731798 -0.0457258 7.1429834 -0.0465513 -0.0517413 0.0002668 0.9975749
1486687414.285505 -0.7782307 -0.0452053 7.1833253 -0.0387555 -0.0907086 0.0079130 0.9950916
1486687414.921558 -0.7826217 -0.0455505 7.2180381 -0.0497793 -0.0715846 0.0239843 0.9959028
1486687415.625565 -0.7861601 -0.0463810 7.2591176 -0.0601022 -0.0409053 0.0053342 0.9973395
1486687416.297517 -0.7892393 -0.0462326 7.2976532 -0.0336561 -0.0569291 0.0043973 0.9978011
1486687417.069557 -0.7924527 -0.0472628 7.3401752 -0.0455452 -0.0656236 0.0153648 0.9966860
1486687417.770047 -0.7956264 -0.0473256 7.3803096 -0.0394015 -0.0377277 -0.0014425 0.9985099
1486687418.509540 -0.7998931 -0.0475760 7.4201441 -0.0450159 -0.0402470 -0.0100103 0.9981250
1486687419.213875 -0.8032116 -0.0484452 7.4593253 -0.0391842 -0.0694472 -0.0086545 0.9967782
1486687419.917572 -0.8078836 -0.0483693 7.4988008 -0.0343661 -0.0592845 0.0069127 0.9976255
1486687420.653523 -0.8128071 -0.0492584 7.5390739 -0.0336501 -0.0401570 0.0054536 0.9986117
1486687421.389555 -0.8164765 -0.0489824 7.5788512 -0.0286835 -0.0376671 -0.0134131 0.9987885
1486687422.094086 -0.8203011 -0.0499480 7.6133318 -0.0316390 -0.0620375 -0.0011478 0.9975716
1486687422.866307 -0.8256509 -0.0488847 7.6511574 -0.0445660 -0.0231064 0.0291476 0.9983138
1486687423.570434 -0.8311523 -0.0501392 7.6880083 -0.0467650 -0.0348987 0.0106116 0.9982397
1486687424.273631 -0.8353152 -0.0497692 7.7242603 -0.0496976 -0.0622372 0.0093186 0.9967797
1486687425.045665 -0.8407837 -0.0503043 7.7654071 -0.0660185 -0.0543717 0.0444147 0.9953455
1486687425.714167 -0.8444887 -0.0498627 7.8021941 -0.0521478 -0.0474101 0.0149146 0.9974018
1486687426.453543 -0.8495336 -0.0504246 7.8427868 -0.0665878 -0.0488910 0.0039792 0.9965741
1486687427.222076 -0.8541958 -0.0506294 7.8856640 -0.0539129 -0.0871547 0.0100776 0.9946838
1486687428.029618 -0.8587196 -0.0506897 7.9286785 -0.0659265 -0.0865982 0.0279881 0.9936655
1486687428.797829 -0.8632132 -0.0499189 7.9722247 -0.0618245 -0.0600845 0.0236391 0.9959964
1486687429.537581 -0.8678883 -0.0511070 8.0130272 -0.0681985 -0.0412369 0.0134445 0.9967285
1486687430.206115 -0.8716058 -0.0499072 8.0496521 -0.0699228 -0.0628726 0.0171531 0.9954214
1486687430.978121 -0.8752853 -0.0510215 8.0888643 -0.0740679 -0.0754704 0.0306384 0.9939212
1486687431.645642 -0.8800475 -0.0506070 8.1248455 -0.0642343 -0.0512086 0.0195556 0.9964283
1486687432.285579 -0.8840805 -0.0504375 8.1578474 -0.0614663 -0.0564087 0.0001384 0.9965139
1486687432.954091 -0.8889959 -0.0514020 8.1916933 -0.0664553 -0.0771747 0.0228739 0.9945374
1486687433.457571 -0.8928401 -0.0509374 8.2165108 -0.0791782 -0.0470720 0.0086169 0.9957112
1486687434.094143 -0.8948183 -0.0516112 8.2490959 -0.0679182 -0.0723424 0.0178863 0.9949039
1486687434.798160 -0.8982084 -0.0512717 8.2841234 -0.0676507 -0.0474762 0.0313087 0.9960869
1486687435.638639 -0.9009393 -0.0519497 8.3270884 -0.0670010 -0.0208282 0.0332101 0.9969825
1486687436.374251 -0.9040147 -0.0517840 8.3662786 -0.0752089 -0.0281308 0.0201489 0.9965672
1486687437.110328 -0.9062219 -0.0504704 8.4061251 -0.0934660 -0.0770154 0.0168684 0.9924960
1486687437.882186 -0.9125751 -0.0508211 8.4472733 -0.0828201 -0.1035826 0.0414254 0.9903007
1486687438.553912 -0.9174774 -0.0506388 8.4845047 -0.0692654 -0.0727141 0.0283244 0.9945415
1486687439.221616 -0.9206283 -0.0498841 8.5200310 -0.0745640 -0.0590944 0.0060033 0.9954457
1486687439.793608 -0.9233160 -0.0502533 8.5494385 -0.0739705 -0.0890582 0.0391955 0.9925023
1486687440.393621 -0.9269842 -0.0504018 8.5822582 -0.0798733 -0.0699347 0.0271704 0.9939774
1486687440.997625 -0.9292023 -0.0494728 8.6143465 -0.0675591 -0.0838219 0.0197374 0.9939920
1486687441.669629 -0.9334828 -0.0490160 8.6481142 -0.0613150 -0.0717792 0.0365107 0.9948644
1486687442.373714 -0.9387011 -0.0496764 8.6858158 -0.0637534 -0.0653494 0.0239906 0.9955347
1486687442.977676 -0.9428474 -0.0488691 8.7165899 -0.0676380 -0.0849872 0.0150674 0.9939694
1486687443.713722 -0.9491230 -0.0488296 8.7531118 -0.0774406 -0.0928857 0.0442495 0.9916739
1486687444.485693 -0.9553462 -0.0478375 8.7940044 -0.0679010 -0.0782773 0.0345534 0.9940162
1486687445.153972 -0.9601849 -0.0481287 8.8284388 -0.0803292 -0.0722276 0.0200489 0.9939459
1486687445.757656 -0.9637026 -0.0481713 8.8586960 -0.0944620 -0.1015522 0.0400894 0.9895236
1486687446.393648 -0.9679962 -0.0479363 8.8919077 -0.0816820 -0.0587900 0.0329180 0.9943783
1486687446.997671 -0.9714746 -0.0478936 8.9238358 -0.0775236 -0.0749945 0.0190582 0.9939833
1486687447.838235 -0.9756758 -0.0475050 8.9658670 -0.0796837 -0.0798813 0.0285135 0.9932051
1486687448.437751 -0.9794585 -0.0473205 8.9949789 -0.0702411 -0.0663101 0.0412099 0.9944702
1486687449.109666 -0.9827232 -0.0469948 9.0286818 -0.0746399 -0.0552181 0.0363692 0.9950162
1486687449.913851 -0.9866182 -0.0457221 9.0707531 -0.0818949 -0.0709092 0.0225439 0.9938596
1486687450.754244 -0.9914376 -0.0453122 9.1124763 -0.0879412 -0.0866780 0.0338390 0.9917702
1486687451.589891 -0.9961177 -0.0452887 9.1535206 -0.0980315 -0.0827384 0.0558205 0.9901658
1486687452.394272 -1.0021641 -0.0443985 9.1953382 -0.0776388 -0.0605284 0.0583920 0.9934279
1486687453.134204 -1.0055542 -0.0442159 9.2280941 -0.0961172 -0.0474687 0.0376209 0.9935254
1486687453.869835 -1.0089430 -0.0430831 9.2659512 -0.0865199 -0.0527753 0.0221026 0.9946057
1486687454.705714 -1.0116129 -0.0427413 9.3064394 -0.0968714 -0.0768091 0.0259755 0.9919887
1486687455.514325 -1.0153674 -0.0437413 9.3432360 -0.0871773 -0.0945546 0.0430419 0.9907608
1486687456.449758 -1.0189558 -0.0433542 9.3850117 -0.0843406 -0.0951983 0.0481689 0.9907087
1486687457.222230 -1.0239346 -0.0419275 9.4212227 -0.0896184 -0.0778998 0.0385833 0.9921752
1486687457.925933 -1.0280660 -0.0422037 9.4528170 -0.1032985 -0.0607552 0.0272179 0.9924200
1486687458.661772 -1.0304490 -0.0422754 9.4840498 -0.1009194 -0.0710341 0.0144035 0.9922510
1486687459.465858 -1.0361073 -0.0420932 9.5214453 -0.1080012 -0.0904263 0.0306732 0.9895545
1486687460.269797 -1.0389874 -0.0407408 9.5572329 -0.1030751 -0.0660518 0.0368408 0.9917940
1486687461.074129 -1.0412732 -0.0405985 9.5942850 -0.0975179 -0.0409051 0.0350136 0.9937762
1486687461.913782 -1.0423791 -0.0413656 9.6295347 -0.1162812 -0.0310010 0.0351227 0.9921109
1486687462.853801 -1.0431895 -0.0406899 9.6708317 -0.1130049 -0.0402895 0.0300807 0.9923214
1486687463.857891 -1.0449245 -0.0410285 9.7148638 -0.1034456 -0.0402237 0.0201608 0.9936169
1486687464.761849 -1.0466672 -0.0407733 9.7546787 -0.0967467 -0.0347362 0.0120162 0.9946301
1486687465.701882 -1.0498296 -0.0404745 9.7951307 -0.0961311 -0.0382881 0.0120470 0.9945590
1486687466.806135 -1.0527382 -0.0410070 9.8440771 -0.1010978 -0.0440601 0.0237423 0.9936168
1486687467.713879 -1.0529281 -0.0402992 9.8803568 -0.1197454 -0.0522031 0.0155573 0.9913092
1486687468.650550 -1.0530182 -0.0405328 9.9209929 -0.1091434 -0.0591988 0.0098891 0.9922124
1486687469.489825 -1.0545031 -0.0398507 9.9560308 -0.1047157 -0.0815630 0.0067623 0.9911288
1486687470.425782 -1.0586370 -0.0403776 9.9949570 -0.1016758 -0.0917934 0.0178815 0.9904122
1486687471.298592 -1.0620670 -0.0413513 10.0299644 -0.1026471 -0.0917605 0.0248731 0.9901641
1486687472.101855 -1.0639544 -0.0401063 10.0626688 -0.0951282 -0.0699796 0.0296664 0.9925590
1486687473.005904 -1.0661623 -0.0396013 10.1004715 -0.0961700 -0.0703029 0.0241488 0.9925854
1486687473.977955 -1.0688957 -0.0399690 10.1405458 -0.0849936 -0.0459500 0.0168745 0.9951783
1486687475.185905 -1.0722632 -0.0396206 10.1892691 -0.1128792 -0.0599203 0.0118023 0.9917301
1486687476.226335 -1.0754876 -0.0398142 10.2332335 -0.1204371 -0.0500632 0.0144925 0.9913518
1486687477.165884 -1.0777408 -0.0397356 10.2692919 -0.1256583 -0.0580511 0.0112604 0.9903097
1486687478.069863 -1.0814871 -0.0394111 10.3065882 -0.0971431 -0.0488084 0.0308646 0.9935936
1486687478.973961 -1.0851364 -0.0391704 10.3411274 -0.0968197 -0.0418419 0.0121794 0.9943475
1486687481.957939 -1.0975953 -0.0398891 10.4641285 -0.1072727 -0.0601845 0.0184483 0.9922349
1486687483.062006 -1.0999708 -0.0392022 10.5097694 -0.1187740 -0.0597610 0.0081339 0.9910879
1486687485.006499 -1.1100891 -0.0386031 10.5923080 -0.1035585 -0.0631486 0.0142271 0.9925147
1486687486.077914 -1.1167977 -0.0384395 10.6334105 -0.1137740 -0.0577605 0.0177287 0.9916677
1486687488.358411 -1.1256189 -0.0387814 10.7283173 -0.0961790 -0.0314664 -0.0146041 0.9947594
1486687489.666021 -1.1310883 -0.0407598 10.7892075 -0.0990275 -0.0281427 0.0056377 0.9946707
1486687491.141953 -1.1320093 -0.0390196 10.8492765 -0.0131782 -0.0321490 0.0096723 0.9993494
1486687492.246038 -1.1343236 -0.0392570 10.8967752 -0.0292804 -0.0336192 0.0000043 0.9990057
1486687493.418363 -1.1360984 -0.0406384 10.9464350 -0.0095935 -0.0393332 0.0063679 0.9991598
1486687494.289938 -1.1365063 -0.0401503 10.9826918 -0.0087314 -0.0379243 0.0055695 0.9992269
1486687495.197998 -1.1360890 -0.0392472 11.0202427 -0.0150632 -0.0277572 -0.0000937 0.9995012
1486687496.302004 -1.1379209 -0.0395671 11.0682268 -0.0224601 -0.0333656 0.0038650 0.9991834
1486687497.274436 -1.1410564 -0.0395664 11.1067915 -0.0391174 -0.0463036 0.0060696 0.9981428
1486687498.214018 -1.1451219 -0.0397757 11.1450481 -0.0439930 -0.0480546 0.0131817 0.9977884
1486687499.118482 -1.1477132 -0.0387586 11.1826820 -0.0576760 -0.0411716 0.0095619 0.9974402
1486687499.990007 -1.1485093 -0.0386615 11.2178736 -0.0385323 -0.0364129 -0.0026920 0.9985901
1486687500.994018 -1.1487195 -0.0380725 11.2588329 -0.0537295 -0.0403709 -0.0114529 0.9976734
1486687502.002085 -1.1512508 -0.0382992 11.3007936 -0.0535232 -0.0395795 -0.0096701 0.9977350
1486687503.306059 -1.1577977 -0.0375889 11.3567276 -0.0399461 -0.0429444 0.0126559 0.9981983
1486687505.286102 -1.1653565 -0.0367264 11.4403095 -0.0651394 -0.0496624 0.0192285 0.9964541
1486687506.222041 -1.1694646 -0.0370044 11.4814129 -0.0583030 -0.0324674 0.0104567 0.9977160
1486687507.230180 -1.1741351 -0.0357343 11.5226078 -0.0576661 -0.0367070 0.0123153 0.9975849
1486687508.234028 -1.1789629 -0.0370566 11.5643225 -0.0646897 -0.0518022 0.0214687 0.9963287
1486687509.237993 -1.1838070 -0.0372531 11.6063595 -0.0720002 -0.0628684 0.0225527 0.9951658
1486687510.246096 -1.1899781 -0.0363704 11.6480227 -0.0717596 -0.0832726 0.0196000 0.9937465
1486687511.218064 -1.1965827 -0.0351207 11.6881466 -0.0931766 -0.0737134 0.0238564 0.9926305
1486687512.222231 -1.2031696 -0.0367541 11.7300138 -0.0958244 -0.0592320 0.0200812 0.9934314
1486687513.262568 -1.2065902 -0.0361819 11.7745352 -0.0968247 -0.0685412 0.0148362 0.9928278
1486687514.470064 -1.2101172 -0.0376189 11.8276758 -0.0957111 -0.0573352 -0.0104848 0.9937012
1486687515.474113 -1.2161033 -0.0367024 11.8720398 -0.1129687 -0.0519342 -0.0111367 0.9921778
1486687516.346090 -1.2203777 -0.0369093 11.9117203 -0.1057259 -0.0687934 0.0026560 0.9920093
1486687517.150151 -1.2221808 -0.0374689 11.9482088 -0.1090160 -0.0812980 0.0145585 0.9906030
1486687517.986037 -1.2237704 -0.0372074 11.9846497 -0.1120792 -0.0580493 0.0102761 0.9919491
1486687518.826122 -1.2265210 -0.0373187 12.0218210 -0.1083741 -0.0529200 0.0063975 0.9926800
1486687519.598139 -1.2293091 -0.0382245 12.0540981 -0.1135739 -0.0482684 -0.0071395 0.9923307
1486687520.334304 -1.2320331 -0.0373960 12.0858622 -0.0972698 -0.0508830 -0.0156579 0.9938331
1486687521.070674 -1.2365142 -0.0383606 12.1167479 -0.0994001 -0.0811611 -0.0088140 0.9916929
1486687521.810591 -1.2409992 -0.0378826 12.1474209 -0.1135956 -0.0552608 0.0214070 0.9917580
1486687522.478175 -1.2442188 -0.0383899 12.1756907 -0.1184818 -0.0208633 0.0043934 0.9927273
1486687523.050590 -1.2453158 -0.0378609 12.1996908 -0.0982208 -0.0617795 -0.0030124 0.9932406
1486687523.618181 -1.2468932 -0.0369856 12.2233829 -0.0970875 -0.0462192 0.0106987 0.9941446
1486687524.222185 -1.2484237 -0.0375576 12.2478952 -0.1015331 -0.0368189 -0.0090411 0.9941095
1486687524.894317 -1.2501714 -0.0384688 12.2747917 -0.0952338 -0.0698020 0.0017538 0.9930031
1486687525.494184 -1.2525826 -0.0378044 12.2998867 -0.0853333 -0.0299091 0.0084422 0.9958677
1486687525.730952 -1.2538401 -0.0376985 12.3093100 -0.0944448 -0.0523664 0.0254149 0.9938269
1486687525.898384 -1.2542937 -0.0380752 12.3160553 -0.1024424 -0.0710167 0.0145585 0.9920939
1486687526.166547 -1.2558150 -0.0376945 12.3273077 -0.0956459 -0.0527347 -0.0056914 0.9940013
1486687526.434144 -1.2563102 -0.0379596 12.3378353 -0.1012218 -0.0479970 0.0088301 0.9936662
1486687527.438285 -1.2602599 -0.0385528 12.3792953 -0.0972582 -0.0424073 0.0021275 0.9943531
1486687527.774648 -1.2613922 -0.0390985 12.3929234 -0.0983424 -0.0790832 0.0093103 0.9919617
1486687528.242275 -1.2634203 -0.0390868 12.4114008 -0.0951915 -0.0576517 0.0031487 0.9937832
1486687528.746241 -1.2656358 -0.0394251 12.4319849 -0.0921130 -0.0924136 0.0206919 0.9912350
1486687529.014662 -1.2663828 -0.0389178 12.4426727 -0.0852891 -0.0757897 -0.0053564 0.9934551
1486687529.318364 -1.2680517 -0.0395007 12.4540377 -0.0846041 -0.0569233 -0.0000337 0.9947873
1486687529.650150 -1.2696595 -0.0392897 12.4669828 -0.0925285 -0.0760687 0.0199210 0.9926002
1486687529.954169 -1.2708218 -0.0387163 12.4788389 -0.1010892 -0.0827283 -0.0016716 0.9914304
1486687530.290178 -1.2732518 -0.0394518 12.4920521 -0.1157371 -0.0628491 0.0138512 0.9911928
1486687530.726186 -1.2750949 -0.0394583 12.5091476 -0.1230309 -0.0924782 0.0255842 0.9877533
1486687531.058139 -1.2767324 -0.0395861 12.5227919 -0.1101981 -0.0593364 0.0127813 0.9920545
1486687531.326192 -1.2777436 -0.0396676 12.5328989 -0.1046526 -0.0631039 0.0178262 0.9923447
1486687531.998342 -1.2811048 -0.0397542 12.5592442 -0.0940687 -0.0497204 0.0060376 0.9943050
1486687532.434260 -1.2842625 -0.0399160 12.5766087 -0.0999010 -0.0456019 0.0279101 0.9935599
1486687532.802217 -1.2863268 -0.0401430 12.5899973 -0.0914236 -0.0698427 0.0141778 0.9932587
1486687533.138342 -1.2891388 -0.0405264 12.6023684 -0.1048574 -0.0587518 0.0090547 0.9927090
1486687533.538734 -1.2922416 -0.0404651 12.6173267 -0.1038437 -0.0797906 0.0342740 0.9907953
1486687533.942772 -1.2942867 -0.0404034 12.6319771 -0.0998143 -0.0802285 -0.0105186 0.9917106
1486687534.346195 -1.2968917 -0.0404899 12.6462088 -0.1077843 -0.0592587 0.0108623 0.9923472
1486687534.778378 -1.2988759 -0.0408492 12.6615763 -0.1146799 -0.0955744 0.0065040 0.9887729
1486687541.114399 -1.3076916 -0.0619557 12.8636808 -0.0991746 -0.0558762 0.0134201 0.9934093
1486687544.902333 -1.3233078 -0.0700750 12.9681826 -0.1124248 -0.0428608 0.0399468 0.9919314
1486687548.422816 -1.3269172 -0.0722253 13.0457239 -0.1181545 -0.0515748 0.0222798 0.9914047
1486687551.406318 -1.3303385 -0.0829866 13.1215954 -0.1163961 -0.0483129 0.0176556 0.9918700
1486687553.618361 -1.3338815 -0.0844340 13.1765842 -0.1353842 -0.0391074 -0.0124956 0.9899422
1486687554.922288 -1.3354867 -0.0836723 13.2038212 -0.1301353 -0.0291860 0.0112227 0.9910030
1486687555.562329 -1.3370266 -0.0827239 13.2174959 -0.1448529 -0.0323775 -0.0150899 0.9888082
1486687556.062360 -1.3377501 -0.0821757 13.2277365 -0.1369760 -0.0445391 0.0336409 0.9890006
1486687556.398372 -1.3382823 -0.0813951 13.2346449 -0.1305606 -0.0475235 0.0158335 0.9901741
1486687556.834862 -1.3395904 -0.0812378 13.2436028 -0.1334265 -0.0379147 0.0484713 0.9891463
1486687557.270943 -1.3403665 -0.0803828 13.2522697 -0.1493162 -0.0651761 0.0448099 0.9856210
1486687557.670299 -1.3414056 -0.0800793 13.2605209 -0.1542730 -0.0233192 0.0485464 0.9865593
1486687558.210790 -1.3423233 -0.0790823 13.2710409 -0.1634888 -0.0546958 0.0577439 0.9833338
1486687558.746358 -1.3431685 -0.0782955 13.2814083 -0.1608827 -0.0104229 0.0502170 0.9856401
1486687559.346741 -1.3440309 -0.0771990 13.2938766 -0.1720234 -0.0232939 0.0369856 0.9841227
1486687559.882817 -1.3446335 -0.0766869 13.3047867 -0.1586695 -0.0217200 0.0659295 0.9848886
1486687560.522459 -1.3460373 -0.0760794 13.3178091 -0.1568055 -0.0313354 0.0371844 0.9864317
1486687561.190910 -1.3470843 -0.0750737 13.3310661 -0.1410393 -0.0749317 0.0302401 0.9867009
1486687561.862407 -1.3478667 -0.0742965 13.3442822 -0.1350872 -0.0417731 0.0478741 0.9887945
1486687562.566406 -1.3488647 -0.0736580 13.3581867 -0.1435013 -0.0404601 0.0314090 0.9883237
1486687563.202377 -1.3500286 -0.0722051 13.3706303 -0.1525984 -0.0645640 0.0224377 0.9859218
1486687563.906840 -1.3519149 -0.0718207 13.3848190 -0.1615297 -0.0767685 0.0554467 0.9823138
1486687564.578436 -1.3534954 -0.0708609 13.3980064 -0.1496645 -0.0499014 0.0366278 0.9867973
1486687565.382452 -1.3556991 -0.0699959 13.4134321 -0.1812513 -0.0438998 0.0331869 0.9818958
1486687566.086488 -1.3571919 -0.0687943 13.4271746 -0.1651634 -0.0706924 0.0284960 0.9833167
1486687566.822866 -1.3585455 -0.0683637 13.4412355 -0.1892199 -0.0546065 0.0482548 0.9792269
1486687567.726449 -1.3603635 -0.0672979 13.4576721 -0.1879693 -0.0640477 0.0537523 0.9786093
1486687568.566412 -1.3622135 -0.0666203 13.4734726 -0.1764610 -0.0552864 0.0416508 0.9818707
1486687569.470484 -1.3634712 -0.0653558 13.4900417 -0.1663442 -0.0507482 0.0369601 0.9840671
1486687570.374653 -1.3644261 -0.0644991 13.5068626 -0.1559854 -0.0434125 0.0241997 0.9865081
1486687571.146434 -1.3653979 -0.0637865 13.5209932 -0.1630125 -0.0617448 0.0133392 0.9845997
1486687572.050395 -1.3670484 -0.0624394 13.5373354 -0.1621135 -0.0708519 0.0180017 0.9840605
1486687572.854455 -1.3683093 -0.0613635 13.5514202 -0.1514074 -0.0781944 0.0126875 0.9852921
1486687573.595079 -1.3696153 -0.0608323 13.5643015 -0.1599061 -0.0911490 0.0289950 0.9824873
1486687574.398542 -1.3710654 -0.0598001 13.5787764 -0.1599602 -0.0759107 0.0399502 0.9833892
1486687575.202454 -1.3724349 -0.0587318 13.5923557 -0.1497584 -0.0559819 0.0447124 0.9861233
1486687576.006462 -1.3737681 -0.0582263 13.6058826 -0.1525709 -0.0546713 0.0356508 0.9861349
1486687576.842499 -1.3748766 -0.0575047 13.6189575 -0.1551930 -0.0447011 0.0209788 0.9866493
1486687577.646514 -1.3759446 -0.0565350 13.6318579 -0.1420349 -0.0659801 0.0178457 0.9874990
1486687578.455097 -1.3767629 -0.0560441 13.6448336 -0.1490648 -0.0765110 0.0239629 0.9855717
1486687579.290501 -1.3779097 -0.0551646 13.6570301 -0.1375791 -0.0600162 0.0418208 0.9877859
1486687580.062979 -1.3786831 -0.0546534 13.6687059 -0.1308567 -0.0633890 0.0547890 0.9878545
1486687580.967167 -1.3788785 -0.0536871 13.6825838 -0.1584713 -0.0737836 0.0312687 0.9841062
1486687581.702491 -1.3789160 -0.0528913 13.6928234 -0.1907248 -0.0602033 0.0209093 0.9795726
1486687582.442536 -1.3798356 -0.0521889 13.7036180 -0.1453184 -0.0715109 0.0255553 0.9864663
1486687583.315049 -1.3815612 -0.0516527 13.7165670 -0.1508770 -0.0796826 0.0308965 0.9848514
1486687584.082982 -1.3830261 -0.0509915 13.7278481 -0.1643655 -0.0819187 0.0654385 0.9808115
1486687584.654548 -1.3836513 -0.0506284 13.7367392 -0.1542146 -0.0541928 0.0337829 0.9859715
1486687585.391149 -1.3846564 -0.0497594 13.7475176 -0.1475266 -0.0639687 0.0189728 0.9868049
1486687586.126507 -1.3857266 -0.0494347 13.7577343 -0.1506392 -0.0905707 0.0360462 0.9837710
1486687586.866554 -1.3869743 -0.0485458 13.7681618 -0.1606581 -0.0581529 0.0582727 0.9835708
1486687587.670703 -1.3880124 -0.0476780 13.7797222 -0.1626951 -0.0570742 0.0451949 0.9839869
1486687588.506985 -1.3889854 -0.0471663 13.7911987 -0.1812567 -0.0494505 0.0279431 0.9817942
1486687589.414656 -1.3899293 -0.0464516 13.8035746 -0.1850309 -0.0421529 0.0354237 0.9811890
1486687590.150649 -1.3903906 -0.0457301 13.8135357 -0.1631434 -0.0444585 0.0292800 0.9851652
1486687591.055187 -1.3910029 -0.0450735 13.8255758 -0.1799647 -0.0619136 0.0344778 0.9811171
1486687591.658566 -1.3917961 -0.0445657 13.8337078 -0.1812335 -0.0544714 0.0498132 0.9806660
1486687592.194533 -1.3926051 -0.0441351 13.8409834 -0.1798764 -0.0452017 0.0112060 0.9825862
1486687592.830585 -1.3936958 -0.0438862 13.8491688 -0.1754195 -0.0676785 0.0399017 0.9813539
1486687593.503042 -1.3946414 -0.0433741 13.8575153 -0.1734974 -0.0359164 0.0385316 0.9834246
1486687594.138598 -1.3956119 -0.0429196 13.8656311 -0.1700197 -0.0369847 0.0126898 0.9846646
1486687594.674570 -1.3967044 -0.0426259 13.8723860 -0.1735988 -0.0416551 0.0510885 0.9826079
1486687595.310555 -1.3976804 -0.0422082 13.8810120 -0.1747007 -0.0248133 0.0331177 0.9837516
1486687596.050735 -1.3981891 -0.0414200 13.8904667 -0.1620690 -0.0478663 0.0127411 0.9855354
1486687596.654626 -1.3988845 -0.0409970 13.8983440 -0.1709532 -0.0318541 0.0529899 0.9833373
1486687597.458697 -1.4000692 -0.0403695 13.9083710 -0.1573150 -0.0389925 0.0296772 0.9863320
1486687598.226593 -1.4013132 -0.0398660 13.9179544 -0.1814582 -0.0379065 0.0286792 0.9822492
1486687599.067351 -1.4022156 -0.0389318 13.9282675 -0.1821079 -0.0447629 0.0113948 0.9821931
1486687599.839282 -1.4029963 -0.0384774 13.9376793 -0.1752747 -0.0878349 0.0214201 0.9803596
1486687600.642637 -1.4034264 -0.0378146 13.9475193 -0.1885511 -0.0644458 0.0500648 0.9786668
1486687601.478697 -1.4041767 -0.0371594 13.9579277 -0.1828720 -0.0473645 0.0615410 0.9800649
1486687602.250666 -1.4052856 -0.0364790 13.9674053 -0.1858664 -0.0249436 0.0447111 0.9812402
1486687603.054648 -1.4066553 -0.0355902 13.9776058 -0.1942909 -0.0252522 0.0329991 0.9800635
1486687603.994681 -1.4078045 -0.0345688 13.9889755 -0.2008704 -0.0325189 0.0372375 0.9783695
1486687604.831178 -1.4086188 -0.0336189 13.9995546 -0.1822271 -0.0655217 0.0294812 0.9806279
1486687605.670644 -1.4098250 -0.0329032 14.0099363 -0.2014190 -0.0817949 0.0795177 0.9728396
1486687606.474918 -1.4113307 -0.0321050 14.0194950 -0.2020720 -0.0601577 0.0914434 0.9732348
1486687607.242971 -1.4123578 -0.0313010 14.0291262 -0.1984702 -0.0502518 0.0619534 0.9768552
1486687608.082953 -1.4133828 -0.0307727 14.0393429 -0.1961354 -0.0559906 0.0499878 0.9776999
1486687608.687118 -1.4141915 -0.0300808 14.0467281 -0.1846307 -0.0927496 0.0457575 0.9773511
1486687609.455100 -1.4150563 -0.0295353 14.0559368 -0.1922798 -0.0989552 0.0604824 0.9744630
1486687610.027165 -1.4156120 -0.0289330 14.0630035 -0.1939839 -0.0689631 0.0565987 0.9769396
1486687610.730833 -1.4159451 -0.0280757 14.0715351 -0.1925261 -0.0698070 0.0384603 0.9780498
1486687611.534764 -1.4163510 -0.0274353 14.0810976 -0.1898271 -0.0782924 0.0586613 0.9769313
1486687612.439278 -1.4167449 -0.0267105 14.0915060 -0.1935610 -0.0832041 0.0674011 0.9752273
1486687613.175184 -1.4174521 -0.0258393 14.1004267 -0.1921292 -0.0391535 0.0712639 0.9779953
1486687613.878650 -1.4180107 -0.0253091 14.1086044 -0.1942368 -0.0346421 0.0450493 0.9793072
1486687614.650796 -1.4189259 -0.0244584 14.1178608 -0.1675669 -0.0493470 0.0349930 0.9840029
1486687615.323231 -1.4195125 -0.0240607 14.1250525 -0.1682388 -0.0658432 0.0378947 0.9828145
1486687616.091330 -1.4204053 -0.0235026 14.1342182 -0.1342399 -0.0336788 0.0629052 0.9883766
1486687616.862708 -1.4212725 -0.0230029 14.1437035 -0.1405732 -0.0297136 0.0195033 0.9894321
1486687617.498697 -1.4219668 -0.0218248 14.1514940 -0.1442293 -0.0196083 0.0436568 0.9883863
1486687618.270893 -1.4231313 -0.0216489 14.1599379 -0.1433562 -0.0752106 0.0536774 0.9853482
1486687618.943184 -1.4236159 -0.0209253 14.1679401 -0.1282851 -0.0397988 0.0396805 0.9901437
1486687619.778715 -1.4241568 -0.0205746 14.1776752 -0.1270443 -0.0497832 0.0323937 0.9901172
1486687620.518758 -1.4249843 -0.0196173 14.1857653 -0.1260674 -0.0578661 0.0126580 0.9902517
1486687621.454757 -1.4258102 -0.0188711 14.1965275 -0.1107165 -0.0525755 0.0242261 0.9921647
1486687622.463235 -1.4270718 -0.0178990 14.2079124 -0.1212376 -0.0508027 0.0007615 0.9913223
1486687623.330848 -1.4281080 -0.0170455 14.2174559 -0.1326111 -0.0598905 0.0224341 0.9891027
1486687624.270782 -1.4290152 -0.0163455 14.2278147 -0.1373835 -0.0745528 0.0266148 0.9873496
1486687625.379078 -1.4297993 -0.0154300 14.2401018 -0.1248739 -0.0577980 0.0163600 0.9903526
1486687626.350745 -1.4303273 -0.0144992 14.2508106 -0.1315114 -0.0689536 0.0252222 0.9885919
1486687627.254945 -1.4303401 -0.0136716 14.2603579 -0.1344394 -0.0698066 0.0121861 0.9883848
1486687628.158769 -1.4310679 -0.0131238 14.2704229 -0.1291877 -0.0609315 0.0261735 0.9894003
1486687629.063190 -1.4316770 -0.0122817 14.2799292 -0.1295055 -0.0866432 0.0232431 0.9875126
1486687629.902887 -1.4322962 -0.0114729 14.2886515 -0.1232583 -0.0842426 0.0383018 0.9880504
1486687630.671320 -1.4331601 -0.0108626 14.2966089 -0.1239803 -0.0444512 0.0434265 0.9903368
1486687631.579413 -1.4343234 -0.0104313 14.3043623 -0.1343614 -0.0481983 0.0156580 0.9896357
1486687632.482935 -1.4356844 -0.0097864 14.3114548 -0.1354372 -0.0735827 0.0094311 0.9880047
1486687633.386861 -1.4371326 -0.0095332 14.3172493 -0.1253727 -0.1192981 0.0232409 0.9846367
1486687634.290749 -1.4388744 -0.0091300 14.3223228 -0.1233429 -0.0934232 0.0450674 0.9869283
1486687635.330889 -1.4396039 -0.0088818 14.3273659 -0.1235636 0.0344826 0.0284133 0.9913303
1486687636.370920 -1.4383044 -0.0089408 14.3296309 -0.1137591 0.5016643 0.0452206 0.8563567
1486687636.939312 -1.4380084 -0.0089369 14.3296194 -0.1128862 0.6071847 0.0492158 0.7849594
1486687637.511060 -1.4373751 -0.0087893 14.3293343 -0.0981695 0.5698739 0.0688704 0.8129350
1486687637.947410 -1.4372591 -0.0093160 14.3299036 -0.1204959 0.6222098 0.0845514 0.7688867
